Predator,Prey,Pred Mass,Prey Mass,Scenario
Aethomys_ineptus,Aethomys_namaquensis,1.874482,1.704151,CU
Aethomys_ineptus,Dasymys_incomtus,1.874482,1.955207,CU
Aethomys_ineptus,Desmodillus_auricularis,1.874482,1.726727,CU
Aethomys_ineptus,Gerbilliscus_brantsii,1.874482,2.058426,CU
Aethomys_ineptus,Gerbilliscus_leucogaster,1.874482,1.862131,CU
Aethomys_ineptus,Lemniscomys_rosalia,1.874482,1.733999,CU
Aethomys_ineptus,Mastomys_coucha,1.874482,1.491362,CU
Aethomys_ineptus,Otomys_angoniensis,1.874482,2.086004,CU
Aethomys_ineptus,Otomys_irroratus,1.874482,2.071882,CU
Aethomys_ineptus,Rhabdomys_pumilio,1.874482,1.613842,CU
Aethomys_ineptus,Thallomys_paedulcus,1.874482,1.905796,CU
Aethomys_ineptus,Mystromys_albicaudatus,1.874482,1.93902,CU
Aethomys_ineptus,Saccostomus_campestris,1.874482,1.70927,CU
Aethomys_ineptus,Steatomys_krebsii,1.874482,1.31597,CU
Aethomys_ineptus,Steatomys_pratensis,1.874482,1.681241,CU
Aethomys_ineptus,Elephantulus_brachyrhynchus,1.874482,1.676694,CU
Aethomys_ineptus,Elephantulus_myurus,1.874482,1.719331,CU
Aethomys_ineptus,Graphiurus_microtis,1.874482,1.190332,CU
Aethomys_ineptus,Graphiurus_platyops,1.874482,1.663701,CU
Aethomys_ineptus,Cryptomys_hottentotus,1.874482,2.0086,CU
Aethomys_namaquensis,Aethomys_ineptus,1.704151,1.874482,CU
Aethomys_namaquensis,Dasymys_incomtus,1.704151,1.955207,CU
Aethomys_namaquensis,Desmodillus_auricularis,1.704151,1.726727,CU
Aethomys_namaquensis,Gerbilliscus_leucogaster,1.704151,1.862131,CU
Aethomys_namaquensis,Lemniscomys_rosalia,1.704151,1.733999,CU
Aethomys_namaquensis,Mastomys_coucha,1.704151,1.491362,CU
Aethomys_namaquensis,Rhabdomys_pumilio,1.704151,1.613842,CU
Aethomys_namaquensis,Thallomys_paedulcus,1.704151,1.905796,CU
Aethomys_namaquensis,Mystromys_albicaudatus,1.704151,1.93902,CU
Aethomys_namaquensis,Saccostomus_campestris,1.704151,1.70927,CU
Aethomys_namaquensis,Steatomys_krebsii,1.704151,1.31597,CU
Aethomys_namaquensis,Steatomys_pratensis,1.704151,1.681241,CU
Aethomys_namaquensis,Elephantulus_brachyrhynchus,1.704151,1.676694,CU
Aethomys_namaquensis,Elephantulus_myurus,1.704151,1.719331,CU
Aethomys_namaquensis,Graphiurus_microtis,1.704151,1.190332,CU
Aethomys_namaquensis,Graphiurus_platyops,1.704151,1.663701,CU
Aethomys_namaquensis,Cryptomys_hottentotus,1.704151,2.0086,CU
Aonyx_capensis,Paraxerus_cepapi,4.278749,2.255273,CU
Aonyx_capensis,Xerus_inauris,4.278749,2.723456,CU
Aonyx_capensis,Aethomys_ineptus,4.278749,1.874482,CU
Aonyx_capensis,Aethomys_namaquensis,4.278749,1.704151,CU
Aonyx_capensis,Dasymys_incomtus,4.278749,1.955207,CU
Aonyx_capensis,Desmodillus_auricularis,4.278749,1.726727,CU
Aonyx_capensis,Gerbilliscus_brantsii,4.278749,2.058426,CU
Aonyx_capensis,Gerbilliscus_leucogaster,4.278749,1.862131,CU
Aonyx_capensis,Lemniscomys_rosalia,4.278749,1.733999,CU
Aonyx_capensis,Mastomys_coucha,4.278749,1.491362,CU
Aonyx_capensis,Otomys_angoniensis,4.278749,2.086004,CU
Aonyx_capensis,Otomys_irroratus,4.278749,2.071882,CU
Aonyx_capensis,Rattus_rattus,4.278749,2.251151,CU
Aonyx_capensis,Rhabdomys_pumilio,4.278749,1.613842,CU
Aonyx_capensis,Thallomys_paedulcus,4.278749,1.905796,CU
Aonyx_capensis,Procavia_capensis,4.278749,3.481443,CU
Aonyx_capensis,Mystromys_albicaudatus,4.278749,1.93902,CU
Aonyx_capensis,Saccostomus_campestris,4.278749,1.70927,CU
Aonyx_capensis,Steatomys_krebsii,4.278749,1.31597,CU
Aonyx_capensis,Steatomys_pratensis,4.278749,1.681241,CU
Aonyx_capensis,Elephantulus_brachyrhynchus,4.278749,1.676694,CU
Aonyx_capensis,Elephantulus_myurus,4.278749,1.719331,CU
Aonyx_capensis,Graphiurus_platyops,4.278749,1.663701,CU
Aonyx_capensis,Cryptomys_hottentotus,4.278749,2.0086,CU
Aonyx_capensis,Lepus_capensis,4.278749,3.513444,CU
Aonyx_capensis,Lepus_saxatilis,4.278749,3.373519,CU
Aonyx_capensis,Lepus_victoriae,4.278749,3.243038,CU
Aonyx_capensis,Pronolagus_randensis,4.278749,3.368287,CU
Aonyx_capensis,Atelerix_frontalis,4.278749,2.490661,CU
Aonyx_capensis,Oreotragus_oreotragus,4.278749,4.11394,CU
Aonyx_capensis,Ourebia_ourebi,4.278749,4.236789,CU
Aonyx_capensis,Pelea_capreolus,4.278749,4.30103,CU
Aonyx_capensis,Raphicerus_campestris,4.278749,4.021189,CU
Aonyx_capensis,Sylvicapra_grimmia,4.278749,4.29003,CU
Atelerix_frontalis,Aethomys_ineptus,2.490661,1.874482,CU
Atelerix_frontalis,Aethomys_namaquensis,2.490661,1.704151,CU
Atelerix_frontalis,Dasymys_incomtus,2.490661,1.955207,CU
Atelerix_frontalis,Desmodillus_auricularis,2.490661,1.726727,CU
Atelerix_frontalis,Gerbilliscus_brantsii,2.490661,2.058426,CU
Atelerix_frontalis,Gerbilliscus_leucogaster,2.490661,1.862131,CU
Atelerix_frontalis,Lemniscomys_rosalia,2.490661,1.733999,CU
Atelerix_frontalis,Mastomys_coucha,2.490661,1.491362,CU
Atelerix_frontalis,Otomys_angoniensis,2.490661,2.086004,CU
Atelerix_frontalis,Otomys_irroratus,2.490661,2.071882,CU
Atelerix_frontalis,Rattus_rattus,2.490661,2.251151,CU
Atelerix_frontalis,Rhabdomys_pumilio,2.490661,1.613842,CU
Atelerix_frontalis,Thallomys_paedulcus,2.490661,1.905796,CU
Atelerix_frontalis,Mystromys_albicaudatus,2.490661,1.93902,CU
Atelerix_frontalis,Saccostomus_campestris,2.490661,1.70927,CU
Atelerix_frontalis,Steatomys_krebsii,2.490661,1.31597,CU
Atelerix_frontalis,Steatomys_pratensis,2.490661,1.681241,CU
Atelerix_frontalis,Elephantulus_brachyrhynchus,2.490661,1.676694,CU
Atelerix_frontalis,Elephantulus_myurus,2.490661,1.719331,CU
Atelerix_frontalis,Graphiurus_microtis,2.490661,1.190332,CU
Atelerix_frontalis,Graphiurus_platyops,2.490661,1.663701,CU
Atelerix_frontalis,Cryptomys_hottentotus,2.490661,2.0086,CU
Atilax_paludinosus,Aethomys_ineptus,3.518514,1.874482,CU
Atilax_paludinosus,Aethomys_namaquensis,3.518514,1.704151,CU
Atilax_paludinosus,Dasymys_incomtus,3.518514,1.955207,CU
Atilax_paludinosus,Desmodillus_auricularis,3.518514,1.726727,CU
Atilax_paludinosus,Gerbilliscus_brantsii,3.518514,2.058426,CU
Atilax_paludinosus,Gerbilliscus_leucogaster,3.518514,1.862131,CU
Atilax_paludinosus,Lemniscomys_rosalia,3.518514,1.733999,CU
Atilax_paludinosus,Mastomys_coucha,3.518514,1.491362,CU
Atilax_paludinosus,Otomys_angoniensis,3.518514,2.086004,CU
Atilax_paludinosus,Otomys_irroratus,3.518514,2.071882,CU
Atilax_paludinosus,Rattus_rattus,3.518514,2.251151,CU
Atilax_paludinosus,Rhabdomys_pumilio,3.518514,1.613842,CU
Atilax_paludinosus,Thallomys_paedulcus,3.518514,1.905796,CU
Atilax_paludinosus,Procavia_capensis,3.518514,3.481443,CU
Atilax_paludinosus,Lepus_capensis,3.518514,3.513444,CU
Atilax_paludinosus,Lepus_saxatilis,3.518514,3.373519,CU
Atilax_paludinosus,Lepus_victoriae,3.518514,3.243038,CU
Atilax_paludinosus,Pronolagus_randensis,3.518514,3.368287,CU
Atilax_paludinosus,Mystromys_albicaudatus,3.518514,1.93902,CU
Atilax_paludinosus,Saccostomus_campestris,3.518514,1.70927,CU
Atilax_paludinosus,Steatomys_krebsii,3.518514,1.31597,CU
Atilax_paludinosus,Steatomys_pratensis,3.518514,1.681241,CU
Atilax_paludinosus,Elephantulus_brachyrhynchus,3.518514,1.676694,CU
Atilax_paludinosus,Elephantulus_myurus,3.518514,1.719331,CU
Atilax_paludinosus,Graphiurus_platyops,3.518514,1.663701,CU
Atilax_paludinosus,Cryptomys_hottentotus,3.518514,2.0086,CU
Atilax_paludinosus,Paraxerus_cepapi,3.518514,2.255273,CU
Atilax_paludinosus,Xerus_inauris,3.518514,2.723456,CU
Canis_mesomelas,Raphicerus_campestris,3.929419,4.021189,CU
Canis_mesomelas,Paraxerus_cepapi,3.929419,2.255273,CU
Canis_mesomelas,Xerus_inauris,3.929419,2.723456,CU
Canis_mesomelas,Chrysospalax_villosus,3.929419,2.078819,CU
Canis_mesomelas,Aethomys_ineptus,3.929419,1.874482,CU
Canis_mesomelas,Aethomys_namaquensis,3.929419,1.704151,CU
Canis_mesomelas,Dasymys_incomtus,3.929419,1.955207,CU
Canis_mesomelas,Desmodillus_auricularis,3.929419,1.726727,CU
Canis_mesomelas,Gerbilliscus_brantsii,3.929419,2.058426,CU
Canis_mesomelas,Gerbilliscus_leucogaster,3.929419,1.862131,CU
Canis_mesomelas,Lemniscomys_rosalia,3.929419,1.733999,CU
Canis_mesomelas,Mastomys_coucha,3.929419,1.491362,CU
Canis_mesomelas,Otomys_angoniensis,3.929419,2.086004,CU
Canis_mesomelas,Otomys_irroratus,3.929419,2.071882,CU
Canis_mesomelas,Rattus_rattus,3.929419,2.251151,CU
Canis_mesomelas,Rhabdomys_pumilio,3.929419,1.613842,CU
Canis_mesomelas,Thallomys_paedulcus,3.929419,1.905796,CU
Canis_mesomelas,Lepus_capensis,3.929419,3.513444,CU
Canis_mesomelas,Lepus_saxatilis,3.929419,3.373519,CU
Canis_mesomelas,Lepus_victoriae,3.929419,3.243038,CU
Canis_mesomelas,Pronolagus_randensis,3.929419,3.368287,CU
Canis_mesomelas,Procavia_capensis,3.929419,3.481443,CU
Canis_mesomelas,Mystromys_albicaudatus,3.929419,1.93902,CU
Canis_mesomelas,Saccostomus_campestris,3.929419,1.70927,CU
Canis_mesomelas,Steatomys_krebsii,3.929419,1.31597,CU
Canis_mesomelas,Steatomys_pratensis,3.929419,1.681241,CU
Canis_mesomelas,Elephantulus_brachyrhynchus,3.929419,1.676694,CU
Canis_mesomelas,Elephantulus_myurus,3.929419,1.719331,CU
Canis_mesomelas,Graphiurus_platyops,3.929419,1.663701,CU
Canis_mesomelas,Cryptomys_hottentotus,3.929419,2.0086,CU
Canis_mesomelas,Atelerix_frontalis,3.929419,2.490661,CU
Canis_mesomelas,Otocyon_megalotis,3.929419,3.618048,CU
Canis_mesomelas,Vulpes_chama,3.929419,3.470557,CU
Canis_mesomelas,Felis_nigripes,3.929419,3.113943,CU
Canis_mesomelas,Felis_silvestris,3.929419,3.740363,CU
Caracal_caracal,Oreotragus_oreotragus,4.1383,4.11394,CU
Caracal_caracal,Ourebia_ourebi,4.1383,4.236789,CU
Caracal_caracal,Raphicerus_campestris,4.1383,4.021189,CU
Caracal_caracal,Pedetes_capensis,4.1383,3.498999,CU
Caracal_caracal,Procavia_capensis,4.1383,3.481443,CU
Caracal_caracal,Aethomys_ineptus,4.1383,1.874482,CU
Caracal_caracal,Aethomys_namaquensis,4.1383,1.704151,CU
Caracal_caracal,Dasymys_incomtus,4.1383,1.955207,CU
Caracal_caracal,Desmodillus_auricularis,4.1383,1.726727,CU
Caracal_caracal,Gerbilliscus_brantsii,4.1383,2.058426,CU
Caracal_caracal,Gerbilliscus_leucogaster,4.1383,1.862131,CU
Caracal_caracal,Lemniscomys_rosalia,4.1383,1.733999,CU
Caracal_caracal,Mastomys_coucha,4.1383,1.491362,CU
Caracal_caracal,Otomys_angoniensis,4.1383,2.086004,CU
Caracal_caracal,Otomys_irroratus,4.1383,2.071882,CU
Caracal_caracal,Rattus_rattus,4.1383,2.251151,CU
Caracal_caracal,Rhabdomys_pumilio,4.1383,1.613842,CU
Caracal_caracal,Thallomys_paedulcus,4.1383,1.905796,CU
Caracal_caracal,Lepus_capensis,4.1383,3.513444,CU
Caracal_caracal,Lepus_saxatilis,4.1383,3.373519,CU
Caracal_caracal,Lepus_victoriae,4.1383,3.243038,CU
Caracal_caracal,Pronolagus_randensis,4.1383,3.368287,CU
Caracal_caracal,Proteles_cristata,4.1383,4,CU
Caracal_caracal,Felis_nigripes,4.1383,3.113943,CU
Caracal_caracal,Felis_silvestris,4.1383,3.740363,CU
Caracal_caracal,Leptailurus_serval,4.1383,4.079181,CU
Caracal_caracal,Canis_mesomelas,4.1383,3.929419,CU
Caracal_caracal,Otocyon_megalotis,4.1383,3.618048,CU
Caracal_caracal,Vulpes_chama,4.1383,3.470557,CU
Caracal_caracal,Chlorocebus_pygerythrus,4.1383,3.599337,CU
Caracal_caracal,Mystromys_albicaudatus,4.1383,1.93902,CU
Caracal_caracal,Saccostomus_campestris,4.1383,1.70927,CU
Caracal_caracal,Steatomys_krebsii,4.1383,1.31597,CU
Caracal_caracal,Steatomys_pratensis,4.1383,1.681241,CU
Caracal_caracal,Elephantulus_brachyrhynchus,4.1383,1.676694,CU
Caracal_caracal,Elephantulus_myurus,4.1383,1.719331,CU
Caracal_caracal,Graphiurus_platyops,4.1383,1.663701,CU
Caracal_caracal,Cryptomys_hottentotus,4.1383,2.0086,CU
Caracal_caracal,Hystrix_africaeaustralis,4.1383,4.174234,CU
Caracal_caracal,Galago_moholi,4.1383,2.20412,CU
Caracal_caracal,Paraxerus_cepapi,4.1383,2.255273,CU
Caracal_caracal,Xerus_inauris,4.1383,2.723456,CU
Caracal_caracal,Chrysospalax_villosus,4.1383,2.078819,CU
Caracal_caracal,Hydrictis_maculicollis,4.1383,3.60206,CU
Caracal_caracal,Ictonyx_striatus,4.1383,3.113943,CU
Caracal_caracal,Mellivora_capensis,4.1383,3.929419,CU
Caracal_caracal,Poecilogale_albinucha,4.1383,2.531479,CU
Chlorocebus_pygerythrus,Aethomys_ineptus,3.599337,1.874482,CU
Chlorocebus_pygerythrus,Aethomys_namaquensis,3.599337,1.704151,CU
Chlorocebus_pygerythrus,Dasymys_incomtus,3.599337,1.955207,CU
Chlorocebus_pygerythrus,Desmodillus_auricularis,3.599337,1.726727,CU
Chlorocebus_pygerythrus,Gerbilliscus_brantsii,3.599337,2.058426,CU
Chlorocebus_pygerythrus,Gerbilliscus_leucogaster,3.599337,1.862131,CU
Chlorocebus_pygerythrus,Lemniscomys_rosalia,3.599337,1.733999,CU
Chlorocebus_pygerythrus,Mastomys_coucha,3.599337,1.491362,CU
Chlorocebus_pygerythrus,Otomys_angoniensis,3.599337,2.086004,CU
Chlorocebus_pygerythrus,Otomys_irroratus,3.599337,2.071882,CU
Chlorocebus_pygerythrus,Rattus_rattus,3.599337,2.251151,CU
Chlorocebus_pygerythrus,Rhabdomys_pumilio,3.599337,1.613842,CU
Chlorocebus_pygerythrus,Thallomys_paedulcus,3.599337,1.905796,CU
Chlorocebus_pygerythrus,Lepus_capensis,3.599337,3.513444,CU
Chlorocebus_pygerythrus,Lepus_saxatilis,3.599337,3.373519,CU
Chlorocebus_pygerythrus,Lepus_victoriae,3.599337,3.243038,CU
Chlorocebus_pygerythrus,Pronolagus_randensis,3.599337,3.368287,CU
Chlorocebus_pygerythrus,Procavia_capensis,3.599337,3.481443,CU
Chlorocebus_pygerythrus,Mystromys_albicaudatus,3.599337,1.93902,CU
Chlorocebus_pygerythrus,Saccostomus_campestris,3.599337,1.70927,CU
Chlorocebus_pygerythrus,Steatomys_krebsii,3.599337,1.31597,CU
Chlorocebus_pygerythrus,Steatomys_pratensis,3.599337,1.681241,CU
Chlorocebus_pygerythrus,Elephantulus_brachyrhynchus,3.599337,1.676694,CU
Chlorocebus_pygerythrus,Elephantulus_myurus,3.599337,1.719331,CU
Chlorocebus_pygerythrus,Graphiurus_platyops,3.599337,1.663701,CU
Chlorocebus_pygerythrus,Cryptomys_hottentotus,3.599337,2.0086,CU
Civettictis_civetta,Aethomys_ineptus,4.079181,1.874482,CU
Civettictis_civetta,Aethomys_namaquensis,4.079181,1.704151,CU
Civettictis_civetta,Dasymys_incomtus,4.079181,1.955207,CU
Civettictis_civetta,Desmodillus_auricularis,4.079181,1.726727,CU
Civettictis_civetta,Gerbilliscus_brantsii,4.079181,2.058426,CU
Civettictis_civetta,Gerbilliscus_leucogaster,4.079181,1.862131,CU
Civettictis_civetta,Lemniscomys_rosalia,4.079181,1.733999,CU
Civettictis_civetta,Mastomys_coucha,4.079181,1.491362,CU
Civettictis_civetta,Otomys_angoniensis,4.079181,2.086004,CU
Civettictis_civetta,Otomys_irroratus,4.079181,2.071882,CU
Civettictis_civetta,Rattus_rattus,4.079181,2.251151,CU
Civettictis_civetta,Rhabdomys_pumilio,4.079181,1.613842,CU
Civettictis_civetta,Thallomys_paedulcus,4.079181,1.905796,CU
Civettictis_civetta,Procavia_capensis,4.079181,3.481443,CU
Civettictis_civetta,Lepus_capensis,4.079181,3.513444,CU
Civettictis_civetta,Lepus_saxatilis,4.079181,3.373519,CU
Civettictis_civetta,Lepus_victoriae,4.079181,3.243038,CU
Civettictis_civetta,Pronolagus_randensis,4.079181,3.368287,CU
Civettictis_civetta,Mystromys_albicaudatus,4.079181,1.93902,CU
Civettictis_civetta,Saccostomus_campestris,4.079181,1.70927,CU
Civettictis_civetta,Steatomys_krebsii,4.079181,1.31597,CU
Civettictis_civetta,Steatomys_pratensis,4.079181,1.681241,CU
Civettictis_civetta,Elephantulus_brachyrhynchus,4.079181,1.676694,CU
Civettictis_civetta,Elephantulus_myurus,4.079181,1.719331,CU
Civettictis_civetta,Graphiurus_platyops,4.079181,1.663701,CU
Civettictis_civetta,Cryptomys_hottentotus,4.079181,2.0086,CU
Civettictis_civetta,Atelerix_frontalis,4.079181,2.490661,CU
Cynictis_penicillata,Aethomys_ineptus,2.922206,1.874482,CU
Cynictis_penicillata,Aethomys_namaquensis,2.922206,1.704151,CU
Cynictis_penicillata,Dasymys_incomtus,2.922206,1.955207,CU
Cynictis_penicillata,Desmodillus_auricularis,2.922206,1.726727,CU
Cynictis_penicillata,Gerbilliscus_brantsii,2.922206,2.058426,CU
Cynictis_penicillata,Gerbilliscus_leucogaster,2.922206,1.862131,CU
Cynictis_penicillata,Lemniscomys_rosalia,2.922206,1.733999,CU
Cynictis_penicillata,Mastomys_coucha,2.922206,1.491362,CU
Cynictis_penicillata,Otomys_angoniensis,2.922206,2.086004,CU
Cynictis_penicillata,Otomys_irroratus,2.922206,2.071882,CU
Cynictis_penicillata,Rattus_rattus,2.922206,2.251151,CU
Cynictis_penicillata,Rhabdomys_pumilio,2.922206,1.613842,CU
Cynictis_penicillata,Thallomys_paedulcus,2.922206,1.905796,CU
Cynictis_penicillata,Mystromys_albicaudatus,2.922206,1.93902,CU
Cynictis_penicillata,Saccostomus_campestris,2.922206,1.70927,CU
Cynictis_penicillata,Steatomys_krebsii,2.922206,1.31597,CU
Cynictis_penicillata,Steatomys_pratensis,2.922206,1.681241,CU
Cynictis_penicillata,Elephantulus_brachyrhynchus,2.922206,1.676694,CU
Cynictis_penicillata,Elephantulus_myurus,2.922206,1.719331,CU
Cynictis_penicillata,Graphiurus_microtis,2.922206,1.190332,CU
Cynictis_penicillata,Graphiurus_platyops,2.922206,1.663701,CU
Cynictis_penicillata,Cryptomys_hottentotus,2.922206,2.0086,CU
Cynictis_penicillata,Paraxerus_cepapi,2.922206,2.255273,CU
Cynictis_penicillata,Xerus_inauris,2.922206,2.723456,CU
Dasymys_incomtus,Aethomys_ineptus,1.955207,1.874482,CU
Dasymys_incomtus,Aethomys_namaquensis,1.955207,1.704151,CU
Dasymys_incomtus,Desmodillus_auricularis,1.955207,1.726727,CU
Dasymys_incomtus,Gerbilliscus_brantsii,1.955207,2.058426,CU
Dasymys_incomtus,Gerbilliscus_leucogaster,1.955207,1.862131,CU
Dasymys_incomtus,Lemniscomys_rosalia,1.955207,1.733999,CU
Dasymys_incomtus,Mastomys_coucha,1.955207,1.491362,CU
Dasymys_incomtus,Otomys_angoniensis,1.955207,2.086004,CU
Dasymys_incomtus,Otomys_irroratus,1.955207,2.071882,CU
Dasymys_incomtus,Rattus_rattus,1.955207,2.251151,CU
Dasymys_incomtus,Rhabdomys_pumilio,1.955207,1.613842,CU
Dasymys_incomtus,Thallomys_paedulcus,1.955207,1.905796,CU
Dasymys_incomtus,Mystromys_albicaudatus,1.955207,1.93902,CU
Dasymys_incomtus,Saccostomus_campestris,1.955207,1.70927,CU
Dasymys_incomtus,Steatomys_krebsii,1.955207,1.31597,CU
Dasymys_incomtus,Steatomys_pratensis,1.955207,1.681241,CU
Dasymys_incomtus,Elephantulus_brachyrhynchus,1.955207,1.676694,CU
Dasymys_incomtus,Elephantulus_myurus,1.955207,1.719331,CU
Dasymys_incomtus,Graphiurus_microtis,1.955207,1.190332,CU
Dasymys_incomtus,Graphiurus_platyops,1.955207,1.663701,CU
Dasymys_incomtus,Cryptomys_hottentotus,1.955207,2.0086,CU
Desmodillus_auricularis,Aethomys_ineptus,1.726727,1.874482,CU
Desmodillus_auricularis,Aethomys_namaquensis,1.726727,1.704151,CU
Desmodillus_auricularis,Dasymys_incomtus,1.726727,1.955207,CU
Desmodillus_auricularis,Gerbilliscus_brantsii,1.726727,2.058426,CU
Desmodillus_auricularis,Gerbilliscus_leucogaster,1.726727,1.862131,CU
Desmodillus_auricularis,Lemniscomys_rosalia,1.726727,1.733999,CU
Desmodillus_auricularis,Mastomys_coucha,1.726727,1.491362,CU
Desmodillus_auricularis,Otomys_irroratus,1.726727,2.071882,CU
Desmodillus_auricularis,Rhabdomys_pumilio,1.726727,1.613842,CU
Desmodillus_auricularis,Thallomys_paedulcus,1.726727,1.905796,CU
Desmodillus_auricularis,Mystromys_albicaudatus,1.726727,1.93902,CU
Desmodillus_auricularis,Saccostomus_campestris,1.726727,1.70927,CU
Desmodillus_auricularis,Steatomys_krebsii,1.726727,1.31597,CU
Desmodillus_auricularis,Steatomys_pratensis,1.726727,1.681241,CU
Desmodillus_auricularis,Elephantulus_brachyrhynchus,1.726727,1.676694,CU
Desmodillus_auricularis,Elephantulus_myurus,1.726727,1.719331,CU
Desmodillus_auricularis,Graphiurus_microtis,1.726727,1.190332,CU
Desmodillus_auricularis,Graphiurus_platyops,1.726727,1.663701,CU
Desmodillus_auricularis,Cryptomys_hottentotus,1.726727,2.0086,CU
Felis_nigripes,Aethomys_ineptus,3.113943,1.874482,CU
Felis_nigripes,Aethomys_namaquensis,3.113943,1.704151,CU
Felis_nigripes,Dasymys_incomtus,3.113943,1.955207,CU
Felis_nigripes,Desmodillus_auricularis,3.113943,1.726727,CU
Felis_nigripes,Gerbilliscus_brantsii,3.113943,2.058426,CU
Felis_nigripes,Gerbilliscus_leucogaster,3.113943,1.862131,CU
Felis_nigripes,Lemniscomys_rosalia,3.113943,1.733999,CU
Felis_nigripes,Mastomys_coucha,3.113943,1.491362,CU
Felis_nigripes,Otomys_angoniensis,3.113943,2.086004,CU
Felis_nigripes,Otomys_irroratus,3.113943,2.071882,CU
Felis_nigripes,Rattus_rattus,3.113943,2.251151,CU
Felis_nigripes,Rhabdomys_pumilio,3.113943,1.613842,CU
Felis_nigripes,Thallomys_paedulcus,3.113943,1.905796,CU
Felis_nigripes,Lepus_victoriae,3.113943,3.243038,CU
Felis_nigripes,Mystromys_albicaudatus,3.113943,1.93902,CU
Felis_nigripes,Saccostomus_campestris,3.113943,1.70927,CU
Felis_nigripes,Steatomys_krebsii,3.113943,1.31597,CU
Felis_nigripes,Steatomys_pratensis,3.113943,1.681241,CU
Felis_nigripes,Elephantulus_brachyrhynchus,3.113943,1.676694,CU
Felis_nigripes,Elephantulus_myurus,3.113943,1.719331,CU
Felis_nigripes,Graphiurus_microtis,3.113943,1.190332,CU
Felis_nigripes,Graphiurus_platyops,3.113943,1.663701,CU
Felis_nigripes,Cryptomys_hottentotus,3.113943,2.0086,CU
Felis_nigripes,Galago_moholi,3.113943,2.20412,CU
Felis_nigripes,Paraxerus_cepapi,3.113943,2.255273,CU
Felis_nigripes,Xerus_inauris,3.113943,2.723456,CU
Felis_nigripes,Chrysospalax_villosus,3.113943,2.078819,CU
Felis_nigripes,Crocidura_hirta,3.113943,1.198657,CU
Felis_nigripes,Ictonyx_striatus,3.113943,3.113943,CU
Felis_nigripes,Poecilogale_albinucha,3.113943,2.531479,CU
Felis_silvestris,Pedetes_capensis,3.740363,3.498999,CU
Felis_silvestris,Procavia_capensis,3.740363,3.481443,CU
Felis_silvestris,Aethomys_ineptus,3.740363,1.874482,CU
Felis_silvestris,Aethomys_namaquensis,3.740363,1.704151,CU
Felis_silvestris,Dasymys_incomtus,3.740363,1.955207,CU
Felis_silvestris,Desmodillus_auricularis,3.740363,1.726727,CU
Felis_silvestris,Gerbilliscus_brantsii,3.740363,2.058426,CU
Felis_silvestris,Gerbilliscus_leucogaster,3.740363,1.862131,CU
Felis_silvestris,Lemniscomys_rosalia,3.740363,1.733999,CU
Felis_silvestris,Mastomys_coucha,3.740363,1.491362,CU
Felis_silvestris,Otomys_angoniensis,3.740363,2.086004,CU
Felis_silvestris,Otomys_irroratus,3.740363,2.071882,CU
Felis_silvestris,Rattus_rattus,3.740363,2.251151,CU
Felis_silvestris,Rhabdomys_pumilio,3.740363,1.613842,CU
Felis_silvestris,Thallomys_paedulcus,3.740363,1.905796,CU
Felis_silvestris,Lepus_capensis,3.740363,3.513444,CU
Felis_silvestris,Lepus_saxatilis,3.740363,3.373519,CU
Felis_silvestris,Lepus_victoriae,3.740363,3.243038,CU
Felis_silvestris,Pronolagus_randensis,3.740363,3.368287,CU
Felis_silvestris,Felis_nigripes,3.740363,3.113943,CU
Felis_silvestris,Otocyon_megalotis,3.740363,3.618048,CU
Felis_silvestris,Vulpes_chama,3.740363,3.470557,CU
Felis_silvestris,Chlorocebus_pygerythrus,3.740363,3.599337,CU
Felis_silvestris,Mystromys_albicaudatus,3.740363,1.93902,CU
Felis_silvestris,Saccostomus_campestris,3.740363,1.70927,CU
Felis_silvestris,Steatomys_krebsii,3.740363,1.31597,CU
Felis_silvestris,Steatomys_pratensis,3.740363,1.681241,CU
Felis_silvestris,Elephantulus_brachyrhynchus,3.740363,1.676694,CU
Felis_silvestris,Elephantulus_myurus,3.740363,1.719331,CU
Felis_silvestris,Graphiurus_platyops,3.740363,1.663701,CU
Felis_silvestris,Cryptomys_hottentotus,3.740363,2.0086,CU
Felis_silvestris,Galago_moholi,3.740363,2.20412,CU
Felis_silvestris,Paraxerus_cepapi,3.740363,2.255273,CU
Felis_silvestris,Xerus_inauris,3.740363,2.723456,CU
Felis_silvestris,Chrysospalax_villosus,3.740363,2.078819,CU
Felis_silvestris,Hydrictis_maculicollis,3.740363,3.60206,CU
Felis_silvestris,Ictonyx_striatus,3.740363,3.113943,CU
Felis_silvestris,Poecilogale_albinucha,3.740363,2.531479,CU
Galago_moholi,Aethomys_ineptus,2.20412,1.874482,CU
Galago_moholi,Aethomys_namaquensis,2.20412,1.704151,CU
Galago_moholi,Dasymys_incomtus,2.20412,1.955207,CU
Galago_moholi,Desmodillus_auricularis,2.20412,1.726727,CU
Galago_moholi,Gerbilliscus_brantsii,2.20412,2.058426,CU
Galago_moholi,Gerbilliscus_leucogaster,2.20412,1.862131,CU
Galago_moholi,Lemniscomys_rosalia,2.20412,1.733999,CU
Galago_moholi,Mastomys_coucha,2.20412,1.491362,CU
Galago_moholi,Otomys_angoniensis,2.20412,2.086004,CU
Galago_moholi,Otomys_irroratus,2.20412,2.071882,CU
Galago_moholi,Rattus_rattus,2.20412,2.251151,CU
Galago_moholi,Rhabdomys_pumilio,2.20412,1.613842,CU
Galago_moholi,Thallomys_paedulcus,2.20412,1.905796,CU
Galago_moholi,Mystromys_albicaudatus,2.20412,1.93902,CU
Galago_moholi,Saccostomus_campestris,2.20412,1.70927,CU
Galago_moholi,Steatomys_krebsii,2.20412,1.31597,CU
Galago_moholi,Steatomys_pratensis,2.20412,1.681241,CU
Galago_moholi,Elephantulus_brachyrhynchus,2.20412,1.676694,CU
Galago_moholi,Elephantulus_myurus,2.20412,1.719331,CU
Galago_moholi,Graphiurus_microtis,2.20412,1.190332,CU
Galago_moholi,Graphiurus_platyops,2.20412,1.663701,CU
Galago_moholi,Cryptomys_hottentotus,2.20412,2.0086,CU
Genetta_genetta,Aethomys_ineptus,3.255273,1.874482,CU
Genetta_genetta,Aethomys_namaquensis,3.255273,1.704151,CU
Genetta_genetta,Dasymys_incomtus,3.255273,1.955207,CU
Genetta_genetta,Desmodillus_auricularis,3.255273,1.726727,CU
Genetta_genetta,Gerbilliscus_brantsii,3.255273,2.058426,CU
Genetta_genetta,Gerbilliscus_leucogaster,3.255273,1.862131,CU
Genetta_genetta,Lemniscomys_rosalia,3.255273,1.733999,CU
Genetta_genetta,Mastomys_coucha,3.255273,1.491362,CU
Genetta_genetta,Otomys_angoniensis,3.255273,2.086004,CU
Genetta_genetta,Otomys_irroratus,3.255273,2.071882,CU
Genetta_genetta,Rattus_rattus,3.255273,2.251151,CU
Genetta_genetta,Rhabdomys_pumilio,3.255273,1.613842,CU
Genetta_genetta,Thallomys_paedulcus,3.255273,1.905796,CU
Genetta_genetta,Lepus_saxatilis,3.255273,3.373519,CU
Genetta_genetta,Lepus_victoriae,3.255273,3.243038,CU
Genetta_genetta,Pronolagus_randensis,3.255273,3.368287,CU
Genetta_genetta,Mystromys_albicaudatus,3.255273,1.93902,CU
Genetta_genetta,Saccostomus_campestris,3.255273,1.70927,CU
Genetta_genetta,Steatomys_krebsii,3.255273,1.31597,CU
Genetta_genetta,Steatomys_pratensis,3.255273,1.681241,CU
Genetta_genetta,Elephantulus_brachyrhynchus,3.255273,1.676694,CU
Genetta_genetta,Elephantulus_myurus,3.255273,1.719331,CU
Genetta_genetta,Graphiurus_platyops,3.255273,1.663701,CU
Genetta_genetta,Cryptomys_hottentotus,3.255273,2.0086,CU
Genetta_genetta,Atelerix_frontalis,3.255273,2.490661,CU
Gerbilliscus_brantsii,Aethomys_ineptus,2.058426,1.874482,CU
Gerbilliscus_brantsii,Aethomys_namaquensis,2.058426,1.704151,CU
Gerbilliscus_brantsii,Dasymys_incomtus,2.058426,1.955207,CU
Gerbilliscus_brantsii,Desmodillus_auricularis,2.058426,1.726727,CU
Gerbilliscus_brantsii,Gerbilliscus_leucogaster,2.058426,1.862131,CU
Gerbilliscus_brantsii,Lemniscomys_rosalia,2.058426,1.733999,CU
Gerbilliscus_brantsii,Mastomys_coucha,2.058426,1.491362,CU
Gerbilliscus_brantsii,Otomys_angoniensis,2.058426,2.086004,CU
Gerbilliscus_brantsii,Otomys_irroratus,2.058426,2.071882,CU
Gerbilliscus_brantsii,Rattus_rattus,2.058426,2.251151,CU
Gerbilliscus_brantsii,Rhabdomys_pumilio,2.058426,1.613842,CU
Gerbilliscus_brantsii,Thallomys_paedulcus,2.058426,1.905796,CU
Gerbilliscus_brantsii,Mystromys_albicaudatus,2.058426,1.93902,CU
Gerbilliscus_brantsii,Saccostomus_campestris,2.058426,1.70927,CU
Gerbilliscus_brantsii,Steatomys_krebsii,2.058426,1.31597,CU
Gerbilliscus_brantsii,Steatomys_pratensis,2.058426,1.681241,CU
Gerbilliscus_brantsii,Elephantulus_brachyrhynchus,2.058426,1.676694,CU
Gerbilliscus_brantsii,Elephantulus_myurus,2.058426,1.719331,CU
Gerbilliscus_brantsii,Graphiurus_microtis,2.058426,1.190332,CU
Gerbilliscus_brantsii,Graphiurus_platyops,2.058426,1.663701,CU
Gerbilliscus_brantsii,Cryptomys_hottentotus,2.058426,2.0086,CU
Gerbilliscus_leucogaster,Aethomys_ineptus,1.862131,1.874482,CU
Gerbilliscus_leucogaster,Aethomys_namaquensis,1.862131,1.704151,CU
Gerbilliscus_leucogaster,Dasymys_incomtus,1.862131,1.955207,CU
Gerbilliscus_leucogaster,Desmodillus_auricularis,1.862131,1.726727,CU
Gerbilliscus_leucogaster,Gerbilliscus_brantsii,1.862131,2.058426,CU
Gerbilliscus_leucogaster,Lemniscomys_rosalia,1.862131,1.733999,CU
Gerbilliscus_leucogaster,Mastomys_coucha,1.862131,1.491362,CU
Gerbilliscus_leucogaster,Otomys_angoniensis,1.862131,2.086004,CU
Gerbilliscus_leucogaster,Otomys_irroratus,1.862131,2.071882,CU
Gerbilliscus_leucogaster,Rhabdomys_pumilio,1.862131,1.613842,CU
Gerbilliscus_leucogaster,Thallomys_paedulcus,1.862131,1.905796,CU
Gerbilliscus_leucogaster,Mystromys_albicaudatus,1.862131,1.93902,CU
Gerbilliscus_leucogaster,Saccostomus_campestris,1.862131,1.70927,CU
Gerbilliscus_leucogaster,Steatomys_krebsii,1.862131,1.31597,CU
Gerbilliscus_leucogaster,Steatomys_pratensis,1.862131,1.681241,CU
Gerbilliscus_leucogaster,Elephantulus_brachyrhynchus,1.862131,1.676694,CU
Gerbilliscus_leucogaster,Elephantulus_myurus,1.862131,1.719331,CU
Gerbilliscus_leucogaster,Graphiurus_microtis,1.862131,1.190332,CU
Gerbilliscus_leucogaster,Graphiurus_platyops,1.862131,1.663701,CU
Gerbilliscus_leucogaster,Cryptomys_hottentotus,1.862131,2.0086,CU
Helogale_parvula,Aethomys_ineptus,2.477121,1.874482,CU
Helogale_parvula,Aethomys_namaquensis,2.477121,1.704151,CU
Helogale_parvula,Dasymys_incomtus,2.477121,1.955207,CU
Helogale_parvula,Desmodillus_auricularis,2.477121,1.726727,CU
Helogale_parvula,Gerbilliscus_brantsii,2.477121,2.058426,CU
Helogale_parvula,Gerbilliscus_leucogaster,2.477121,1.862131,CU
Helogale_parvula,Lemniscomys_rosalia,2.477121,1.733999,CU
Helogale_parvula,Mastomys_coucha,2.477121,1.491362,CU
Helogale_parvula,Otomys_angoniensis,2.477121,2.086004,CU
Helogale_parvula,Otomys_irroratus,2.477121,2.071882,CU
Helogale_parvula,Rattus_rattus,2.477121,2.251151,CU
Helogale_parvula,Rhabdomys_pumilio,2.477121,1.613842,CU
Helogale_parvula,Thallomys_paedulcus,2.477121,1.905796,CU
Helogale_parvula,Mystromys_albicaudatus,2.477121,1.93902,CU
Helogale_parvula,Saccostomus_campestris,2.477121,1.70927,CU
Helogale_parvula,Steatomys_krebsii,2.477121,1.31597,CU
Helogale_parvula,Steatomys_pratensis,2.477121,1.681241,CU
Helogale_parvula,Elephantulus_brachyrhynchus,2.477121,1.676694,CU
Helogale_parvula,Elephantulus_myurus,2.477121,1.719331,CU
Helogale_parvula,Graphiurus_microtis,2.477121,1.190332,CU
Helogale_parvula,Graphiurus_platyops,2.477121,1.663701,CU
Helogale_parvula,Cryptomys_hottentotus,2.477121,2.0086,CU
Helogale_parvula,Paraxerus_cepapi,2.477121,2.255273,CU
Helogale_parvula,Xerus_inauris,2.477121,2.723456,CU
Herpestes_sanguineus,Aethomys_ineptus,2.740363,1.874482,CU
Herpestes_sanguineus,Aethomys_namaquensis,2.740363,1.704151,CU
Herpestes_sanguineus,Dasymys_incomtus,2.740363,1.955207,CU
Herpestes_sanguineus,Desmodillus_auricularis,2.740363,1.726727,CU
Herpestes_sanguineus,Gerbilliscus_brantsii,2.740363,2.058426,CU
Herpestes_sanguineus,Gerbilliscus_leucogaster,2.740363,1.862131,CU
Herpestes_sanguineus,Lemniscomys_rosalia,2.740363,1.733999,CU
Herpestes_sanguineus,Mastomys_coucha,2.740363,1.491362,CU
Herpestes_sanguineus,Otomys_angoniensis,2.740363,2.086004,CU
Herpestes_sanguineus,Otomys_irroratus,2.740363,2.071882,CU
Herpestes_sanguineus,Rattus_rattus,2.740363,2.251151,CU
Herpestes_sanguineus,Rhabdomys_pumilio,2.740363,1.613842,CU
Herpestes_sanguineus,Thallomys_paedulcus,2.740363,1.905796,CU
Herpestes_sanguineus,Mystromys_albicaudatus,2.740363,1.93902,CU
Herpestes_sanguineus,Saccostomus_campestris,2.740363,1.70927,CU
Herpestes_sanguineus,Steatomys_krebsii,2.740363,1.31597,CU
Herpestes_sanguineus,Steatomys_pratensis,2.740363,1.681241,CU
Herpestes_sanguineus,Elephantulus_brachyrhynchus,2.740363,1.676694,CU
Herpestes_sanguineus,Elephantulus_myurus,2.740363,1.719331,CU
Herpestes_sanguineus,Graphiurus_microtis,2.740363,1.190332,CU
Herpestes_sanguineus,Graphiurus_platyops,2.740363,1.663701,CU
Herpestes_sanguineus,Cryptomys_hottentotus,2.740363,2.0086,CU
Herpestes_sanguineus,Paraxerus_cepapi,2.740363,2.255273,CU
Herpestes_sanguineus,Xerus_inauris,2.740363,2.723456,CU
Hydrictis_maculicollis,Paraxerus_cepapi,3.60206,2.255273,CU
Hydrictis_maculicollis,Xerus_inauris,3.60206,2.723456,CU
Hydrictis_maculicollis,Aethomys_ineptus,3.60206,1.874482,CU
Hydrictis_maculicollis,Aethomys_namaquensis,3.60206,1.704151,CU
Hydrictis_maculicollis,Dasymys_incomtus,3.60206,1.955207,CU
Hydrictis_maculicollis,Desmodillus_auricularis,3.60206,1.726727,CU
Hydrictis_maculicollis,Gerbilliscus_brantsii,3.60206,2.058426,CU
Hydrictis_maculicollis,Gerbilliscus_leucogaster,3.60206,1.862131,CU
Hydrictis_maculicollis,Lemniscomys_rosalia,3.60206,1.733999,CU
Hydrictis_maculicollis,Mastomys_coucha,3.60206,1.491362,CU
Hydrictis_maculicollis,Otomys_angoniensis,3.60206,2.086004,CU
Hydrictis_maculicollis,Otomys_irroratus,3.60206,2.071882,CU
Hydrictis_maculicollis,Rattus_rattus,3.60206,2.251151,CU
Hydrictis_maculicollis,Rhabdomys_pumilio,3.60206,1.613842,CU
Hydrictis_maculicollis,Thallomys_paedulcus,3.60206,1.905796,CU
Hydrictis_maculicollis,Procavia_capensis,3.60206,3.481443,CU
Hydrictis_maculicollis,Mystromys_albicaudatus,3.60206,1.93902,CU
Hydrictis_maculicollis,Saccostomus_campestris,3.60206,1.70927,CU
Hydrictis_maculicollis,Steatomys_krebsii,3.60206,1.31597,CU
Hydrictis_maculicollis,Steatomys_pratensis,3.60206,1.681241,CU
Hydrictis_maculicollis,Elephantulus_brachyrhynchus,3.60206,1.676694,CU
Hydrictis_maculicollis,Elephantulus_myurus,3.60206,1.719331,CU
Hydrictis_maculicollis,Graphiurus_platyops,3.60206,1.663701,CU
Hydrictis_maculicollis,Cryptomys_hottentotus,3.60206,2.0086,CU
Hydrictis_maculicollis,Lepus_capensis,3.60206,3.513444,CU
Hydrictis_maculicollis,Lepus_saxatilis,3.60206,3.373519,CU
Hydrictis_maculicollis,Lepus_victoriae,3.60206,3.243038,CU
Hydrictis_maculicollis,Pronolagus_randensis,3.60206,3.368287,CU
Hydrictis_maculicollis,Atelerix_frontalis,3.60206,2.490661,CU
Ichneumia_albicauda,Aethomys_ineptus,3.544068,1.874482,CU
Ichneumia_albicauda,Aethomys_namaquensis,3.544068,1.704151,CU
Ichneumia_albicauda,Dasymys_incomtus,3.544068,1.955207,CU
Ichneumia_albicauda,Desmodillus_auricularis,3.544068,1.726727,CU
Ichneumia_albicauda,Gerbilliscus_brantsii,3.544068,2.058426,CU
Ichneumia_albicauda,Gerbilliscus_leucogaster,3.544068,1.862131,CU
Ichneumia_albicauda,Lemniscomys_rosalia,3.544068,1.733999,CU
Ichneumia_albicauda,Mastomys_coucha,3.544068,1.491362,CU
Ichneumia_albicauda,Otomys_angoniensis,3.544068,2.086004,CU
Ichneumia_albicauda,Otomys_irroratus,3.544068,2.071882,CU
Ichneumia_albicauda,Rattus_rattus,3.544068,2.251151,CU
Ichneumia_albicauda,Rhabdomys_pumilio,3.544068,1.613842,CU
Ichneumia_albicauda,Thallomys_paedulcus,3.544068,1.905796,CU
Ichneumia_albicauda,Procavia_capensis,3.544068,3.481443,CU
Ichneumia_albicauda,Lepus_capensis,3.544068,3.513444,CU
Ichneumia_albicauda,Lepus_saxatilis,3.544068,3.373519,CU
Ichneumia_albicauda,Lepus_victoriae,3.544068,3.243038,CU
Ichneumia_albicauda,Pronolagus_randensis,3.544068,3.368287,CU
Ichneumia_albicauda,Mystromys_albicaudatus,3.544068,1.93902,CU
Ichneumia_albicauda,Saccostomus_campestris,3.544068,1.70927,CU
Ichneumia_albicauda,Steatomys_krebsii,3.544068,1.31597,CU
Ichneumia_albicauda,Steatomys_pratensis,3.544068,1.681241,CU
Ichneumia_albicauda,Elephantulus_brachyrhynchus,3.544068,1.676694,CU
Ichneumia_albicauda,Elephantulus_myurus,3.544068,1.719331,CU
Ichneumia_albicauda,Graphiurus_platyops,3.544068,1.663701,CU
Ichneumia_albicauda,Cryptomys_hottentotus,3.544068,2.0086,CU
Ichneumia_albicauda,Paraxerus_cepapi,3.544068,2.255273,CU
Ichneumia_albicauda,Xerus_inauris,3.544068,2.723456,CU
Ictonyx_striatus,Paraxerus_cepapi,3.113943,2.255273,CU
Ictonyx_striatus,Xerus_inauris,3.113943,2.723456,CU
Ictonyx_striatus,Aethomys_ineptus,3.113943,1.874482,CU
Ictonyx_striatus,Aethomys_namaquensis,3.113943,1.704151,CU
Ictonyx_striatus,Dasymys_incomtus,3.113943,1.955207,CU
Ictonyx_striatus,Desmodillus_auricularis,3.113943,1.726727,CU
Ictonyx_striatus,Gerbilliscus_brantsii,3.113943,2.058426,CU
Ictonyx_striatus,Gerbilliscus_leucogaster,3.113943,1.862131,CU
Ictonyx_striatus,Lemniscomys_rosalia,3.113943,1.733999,CU
Ictonyx_striatus,Mastomys_coucha,3.113943,1.491362,CU
Ictonyx_striatus,Otomys_angoniensis,3.113943,2.086004,CU
Ictonyx_striatus,Otomys_irroratus,3.113943,2.071882,CU
Ictonyx_striatus,Rattus_rattus,3.113943,2.251151,CU
Ictonyx_striatus,Rhabdomys_pumilio,3.113943,1.613842,CU
Ictonyx_striatus,Thallomys_paedulcus,3.113943,1.905796,CU
Ictonyx_striatus,Mystromys_albicaudatus,3.113943,1.93902,CU
Ictonyx_striatus,Saccostomus_campestris,3.113943,1.70927,CU
Ictonyx_striatus,Steatomys_krebsii,3.113943,1.31597,CU
Ictonyx_striatus,Steatomys_pratensis,3.113943,1.681241,CU
Ictonyx_striatus,Elephantulus_brachyrhynchus,3.113943,1.676694,CU
Ictonyx_striatus,Elephantulus_myurus,3.113943,1.719331,CU
Ictonyx_striatus,Graphiurus_microtis,3.113943,1.190332,CU
Ictonyx_striatus,Graphiurus_platyops,3.113943,1.663701,CU
Ictonyx_striatus,Cryptomys_hottentotus,3.113943,2.0086,CU
Ictonyx_striatus,Lepus_victoriae,3.113943,3.243038,CU
Ictonyx_striatus,Atelerix_frontalis,3.113943,2.490661,CU
Lemniscomys_rosalia,Aethomys_ineptus,1.733999,1.874482,CU
Lemniscomys_rosalia,Aethomys_namaquensis,1.733999,1.704151,CU
Lemniscomys_rosalia,Dasymys_incomtus,1.733999,1.955207,CU
Lemniscomys_rosalia,Desmodillus_auricularis,1.733999,1.726727,CU
Lemniscomys_rosalia,Gerbilliscus_brantsii,1.733999,2.058426,CU
Lemniscomys_rosalia,Gerbilliscus_leucogaster,1.733999,1.862131,CU
Lemniscomys_rosalia,Mastomys_coucha,1.733999,1.491362,CU
Lemniscomys_rosalia,Otomys_irroratus,1.733999,2.071882,CU
Lemniscomys_rosalia,Rhabdomys_pumilio,1.733999,1.613842,CU
Lemniscomys_rosalia,Thallomys_paedulcus,1.733999,1.905796,CU
Lemniscomys_rosalia,Mystromys_albicaudatus,1.733999,1.93902,CU
Lemniscomys_rosalia,Saccostomus_campestris,1.733999,1.70927,CU
Lemniscomys_rosalia,Steatomys_krebsii,1.733999,1.31597,CU
Lemniscomys_rosalia,Steatomys_pratensis,1.733999,1.681241,CU
Lemniscomys_rosalia,Elephantulus_brachyrhynchus,1.733999,1.676694,CU
Lemniscomys_rosalia,Elephantulus_myurus,1.733999,1.719331,CU
Lemniscomys_rosalia,Graphiurus_microtis,1.733999,1.190332,CU
Lemniscomys_rosalia,Graphiurus_platyops,1.733999,1.663701,CU
Lemniscomys_rosalia,Cryptomys_hottentotus,1.733999,2.0086,CU
Leptailurus_serval,Oreotragus_oreotragus,4.079181,4.11394,CU
Leptailurus_serval,Raphicerus_campestris,4.079181,4.021189,CU
Leptailurus_serval,Pedetes_capensis,4.079181,3.498999,CU
Leptailurus_serval,Procavia_capensis,4.079181,3.481443,CU
Leptailurus_serval,Aethomys_ineptus,4.079181,1.874482,CU
Leptailurus_serval,Aethomys_namaquensis,4.079181,1.704151,CU
Leptailurus_serval,Dasymys_incomtus,4.079181,1.955207,CU
Leptailurus_serval,Desmodillus_auricularis,4.079181,1.726727,CU
Leptailurus_serval,Gerbilliscus_brantsii,4.079181,2.058426,CU
Leptailurus_serval,Gerbilliscus_leucogaster,4.079181,1.862131,CU
Leptailurus_serval,Lemniscomys_rosalia,4.079181,1.733999,CU
Leptailurus_serval,Mastomys_coucha,4.079181,1.491362,CU
Leptailurus_serval,Otomys_angoniensis,4.079181,2.086004,CU
Leptailurus_serval,Otomys_irroratus,4.079181,2.071882,CU
Leptailurus_serval,Rattus_rattus,4.079181,2.251151,CU
Leptailurus_serval,Rhabdomys_pumilio,4.079181,1.613842,CU
Leptailurus_serval,Thallomys_paedulcus,4.079181,1.905796,CU
Leptailurus_serval,Lepus_capensis,4.079181,3.513444,CU
Leptailurus_serval,Lepus_saxatilis,4.079181,3.373519,CU
Leptailurus_serval,Lepus_victoriae,4.079181,3.243038,CU
Leptailurus_serval,Pronolagus_randensis,4.079181,3.368287,CU
Leptailurus_serval,Proteles_cristata,4.079181,4,CU
Leptailurus_serval,Caracal_caracal,4.079181,4.1383,CU
Leptailurus_serval,Felis_nigripes,4.079181,3.113943,CU
Leptailurus_serval,Felis_silvestris,4.079181,3.740363,CU
Leptailurus_serval,Canis_mesomelas,4.079181,3.929419,CU
Leptailurus_serval,Otocyon_megalotis,4.079181,3.618048,CU
Leptailurus_serval,Vulpes_chama,4.079181,3.470557,CU
Leptailurus_serval,Chlorocebus_pygerythrus,4.079181,3.599337,CU
Leptailurus_serval,Mystromys_albicaudatus,4.079181,1.93902,CU
Leptailurus_serval,Saccostomus_campestris,4.079181,1.70927,CU
Leptailurus_serval,Steatomys_krebsii,4.079181,1.31597,CU
Leptailurus_serval,Steatomys_pratensis,4.079181,1.681241,CU
Leptailurus_serval,Elephantulus_brachyrhynchus,4.079181,1.676694,CU
Leptailurus_serval,Elephantulus_myurus,4.079181,1.719331,CU
Leptailurus_serval,Graphiurus_platyops,4.079181,1.663701,CU
Leptailurus_serval,Cryptomys_hottentotus,4.079181,2.0086,CU
Leptailurus_serval,Hystrix_africaeaustralis,4.079181,4.174234,CU
Leptailurus_serval,Galago_moholi,4.079181,2.20412,CU
Leptailurus_serval,Paraxerus_cepapi,4.079181,2.255273,CU
Leptailurus_serval,Xerus_inauris,4.079181,2.723456,CU
Leptailurus_serval,Chrysospalax_villosus,4.079181,2.078819,CU
Leptailurus_serval,Hydrictis_maculicollis,4.079181,3.60206,CU
Leptailurus_serval,Ictonyx_striatus,4.079181,3.113943,CU
Leptailurus_serval,Mellivora_capensis,4.079181,3.929419,CU
Leptailurus_serval,Poecilogale_albinucha,4.079181,2.531479,CU
Mastomys_coucha,Aethomys_namaquensis,1.491362,1.704151,CU
Mastomys_coucha,Desmodillus_auricularis,1.491362,1.726727,CU
Mastomys_coucha,Gerbilliscus_leucogaster,1.491362,1.862131,CU
Mastomys_coucha,Lemniscomys_rosalia,1.491362,1.733999,CU
Mastomys_coucha,Rhabdomys_pumilio,1.491362,1.613842,CU
Mastomys_coucha,Saccostomus_campestris,1.491362,1.70927,CU
Mastomys_coucha,Steatomys_krebsii,1.491362,1.31597,CU
Mastomys_coucha,Steatomys_pratensis,1.491362,1.681241,CU
Mastomys_coucha,Elephantulus_brachyrhynchus,1.491362,1.676694,CU
Mastomys_coucha,Elephantulus_myurus,1.491362,1.719331,CU
Mastomys_coucha,Graphiurus_microtis,1.491362,1.190332,CU
Mastomys_coucha,Graphiurus_platyops,1.491362,1.663701,CU
Mellivora_capensis,Paraxerus_cepapi,3.929419,2.255273,CU
Mellivora_capensis,Xerus_inauris,3.929419,2.723456,CU
Mellivora_capensis,Aethomys_ineptus,3.929419,1.874482,CU
Mellivora_capensis,Aethomys_namaquensis,3.929419,1.704151,CU
Mellivora_capensis,Dasymys_incomtus,3.929419,1.955207,CU
Mellivora_capensis,Desmodillus_auricularis,3.929419,1.726727,CU
Mellivora_capensis,Gerbilliscus_brantsii,3.929419,2.058426,CU
Mellivora_capensis,Gerbilliscus_leucogaster,3.929419,1.862131,CU
Mellivora_capensis,Lemniscomys_rosalia,3.929419,1.733999,CU
Mellivora_capensis,Mastomys_coucha,3.929419,1.491362,CU
Mellivora_capensis,Otomys_angoniensis,3.929419,2.086004,CU
Mellivora_capensis,Otomys_irroratus,3.929419,2.071882,CU
Mellivora_capensis,Rattus_rattus,3.929419,2.251151,CU
Mellivora_capensis,Rhabdomys_pumilio,3.929419,1.613842,CU
Mellivora_capensis,Thallomys_paedulcus,3.929419,1.905796,CU
Mellivora_capensis,Procavia_capensis,3.929419,3.481443,CU
Mellivora_capensis,Mystromys_albicaudatus,3.929419,1.93902,CU
Mellivora_capensis,Saccostomus_campestris,3.929419,1.70927,CU
Mellivora_capensis,Steatomys_krebsii,3.929419,1.31597,CU
Mellivora_capensis,Steatomys_pratensis,3.929419,1.681241,CU
Mellivora_capensis,Elephantulus_brachyrhynchus,3.929419,1.676694,CU
Mellivora_capensis,Elephantulus_myurus,3.929419,1.719331,CU
Mellivora_capensis,Graphiurus_platyops,3.929419,1.663701,CU
Mellivora_capensis,Cryptomys_hottentotus,3.929419,2.0086,CU
Mellivora_capensis,Lepus_capensis,3.929419,3.513444,CU
Mellivora_capensis,Lepus_saxatilis,3.929419,3.373519,CU
Mellivora_capensis,Lepus_victoriae,3.929419,3.243038,CU
Mellivora_capensis,Pronolagus_randensis,3.929419,3.368287,CU
Mellivora_capensis,Atelerix_frontalis,3.929419,2.490661,CU
Mellivora_capensis,Raphicerus_campestris,3.929419,4.021189,CU
Mungos_mungo,Aethomys_ineptus,3.284431,1.874482,CU
Mungos_mungo,Aethomys_namaquensis,3.284431,1.704151,CU
Mungos_mungo,Dasymys_incomtus,3.284431,1.955207,CU
Mungos_mungo,Desmodillus_auricularis,3.284431,1.726727,CU
Mungos_mungo,Gerbilliscus_brantsii,3.284431,2.058426,CU
Mungos_mungo,Gerbilliscus_leucogaster,3.284431,1.862131,CU
Mungos_mungo,Lemniscomys_rosalia,3.284431,1.733999,CU
Mungos_mungo,Mastomys_coucha,3.284431,1.491362,CU
Mungos_mungo,Otomys_angoniensis,3.284431,2.086004,CU
Mungos_mungo,Otomys_irroratus,3.284431,2.071882,CU
Mungos_mungo,Rattus_rattus,3.284431,2.251151,CU
Mungos_mungo,Rhabdomys_pumilio,3.284431,1.613842,CU
Mungos_mungo,Thallomys_paedulcus,3.284431,1.905796,CU
Mungos_mungo,Procavia_capensis,3.284431,3.481443,CU
Mungos_mungo,Lepus_saxatilis,3.284431,3.373519,CU
Mungos_mungo,Lepus_victoriae,3.284431,3.243038,CU
Mungos_mungo,Pronolagus_randensis,3.284431,3.368287,CU
Mungos_mungo,Mystromys_albicaudatus,3.284431,1.93902,CU
Mungos_mungo,Saccostomus_campestris,3.284431,1.70927,CU
Mungos_mungo,Steatomys_krebsii,3.284431,1.31597,CU
Mungos_mungo,Steatomys_pratensis,3.284431,1.681241,CU
Mungos_mungo,Elephantulus_brachyrhynchus,3.284431,1.676694,CU
Mungos_mungo,Elephantulus_myurus,3.284431,1.719331,CU
Mungos_mungo,Graphiurus_platyops,3.284431,1.663701,CU
Mungos_mungo,Cryptomys_hottentotus,3.284431,2.0086,CU
Mungos_mungo,Paraxerus_cepapi,3.284431,2.255273,CU
Mungos_mungo,Xerus_inauris,3.284431,2.723456,CU
Mus_indutus,Graphiurus_microtis,0.792392,1.190332,CU
Otocyon_megalotis,Paraxerus_cepapi,3.618048,2.255273,CU
Otocyon_megalotis,Xerus_inauris,3.618048,2.723456,CU
Otocyon_megalotis,Chrysospalax_villosus,3.618048,2.078819,CU
Otocyon_megalotis,Aethomys_ineptus,3.618048,1.874482,CU
Otocyon_megalotis,Aethomys_namaquensis,3.618048,1.704151,CU
Otocyon_megalotis,Dasymys_incomtus,3.618048,1.955207,CU
Otocyon_megalotis,Desmodillus_auricularis,3.618048,1.726727,CU
Otocyon_megalotis,Gerbilliscus_brantsii,3.618048,2.058426,CU
Otocyon_megalotis,Gerbilliscus_leucogaster,3.618048,1.862131,CU
Otocyon_megalotis,Lemniscomys_rosalia,3.618048,1.733999,CU
Otocyon_megalotis,Mastomys_coucha,3.618048,1.491362,CU
Otocyon_megalotis,Otomys_angoniensis,3.618048,2.086004,CU
Otocyon_megalotis,Otomys_irroratus,3.618048,2.071882,CU
Otocyon_megalotis,Rattus_rattus,3.618048,2.251151,CU
Otocyon_megalotis,Rhabdomys_pumilio,3.618048,1.613842,CU
Otocyon_megalotis,Thallomys_paedulcus,3.618048,1.905796,CU
Otocyon_megalotis,Lepus_capensis,3.618048,3.513444,CU
Otocyon_megalotis,Lepus_saxatilis,3.618048,3.373519,CU
Otocyon_megalotis,Lepus_victoriae,3.618048,3.243038,CU
Otocyon_megalotis,Pronolagus_randensis,3.618048,3.368287,CU
Otocyon_megalotis,Procavia_capensis,3.618048,3.481443,CU
Otocyon_megalotis,Mystromys_albicaudatus,3.618048,1.93902,CU
Otocyon_megalotis,Saccostomus_campestris,3.618048,1.70927,CU
Otocyon_megalotis,Steatomys_krebsii,3.618048,1.31597,CU
Otocyon_megalotis,Steatomys_pratensis,3.618048,1.681241,CU
Otocyon_megalotis,Elephantulus_brachyrhynchus,3.618048,1.676694,CU
Otocyon_megalotis,Elephantulus_myurus,3.618048,1.719331,CU
Otocyon_megalotis,Graphiurus_platyops,3.618048,1.663701,CU
Otocyon_megalotis,Cryptomys_hottentotus,3.618048,2.0086,CU
Otocyon_megalotis,Atelerix_frontalis,3.618048,2.490661,CU
Otocyon_megalotis,Vulpes_chama,3.618048,3.470557,CU
Otocyon_megalotis,Felis_nigripes,3.618048,3.113943,CU
Otocyon_megalotis,Felis_silvestris,3.618048,3.740363,CU
Otomys_angoniensis,Aethomys_ineptus,2.086004,1.874482,CU
Otomys_angoniensis,Aethomys_namaquensis,2.086004,1.704151,CU
Otomys_angoniensis,Dasymys_incomtus,2.086004,1.955207,CU
Otomys_angoniensis,Desmodillus_auricularis,2.086004,1.726727,CU
Otomys_angoniensis,Gerbilliscus_brantsii,2.086004,2.058426,CU
Otomys_angoniensis,Gerbilliscus_leucogaster,2.086004,1.862131,CU
Otomys_angoniensis,Lemniscomys_rosalia,2.086004,1.733999,CU
Otomys_angoniensis,Mastomys_coucha,2.086004,1.491362,CU
Otomys_angoniensis,Otomys_irroratus,2.086004,2.071882,CU
Otomys_angoniensis,Rattus_rattus,2.086004,2.251151,CU
Otomys_angoniensis,Rhabdomys_pumilio,2.086004,1.613842,CU
Otomys_angoniensis,Thallomys_paedulcus,2.086004,1.905796,CU
Otomys_angoniensis,Mystromys_albicaudatus,2.086004,1.93902,CU
Otomys_angoniensis,Saccostomus_campestris,2.086004,1.70927,CU
Otomys_angoniensis,Steatomys_krebsii,2.086004,1.31597,CU
Otomys_angoniensis,Steatomys_pratensis,2.086004,1.681241,CU
Otomys_angoniensis,Elephantulus_brachyrhynchus,2.086004,1.676694,CU
Otomys_angoniensis,Elephantulus_myurus,2.086004,1.719331,CU
Otomys_angoniensis,Graphiurus_microtis,2.086004,1.190332,CU
Otomys_angoniensis,Graphiurus_platyops,2.086004,1.663701,CU
Otomys_angoniensis,Cryptomys_hottentotus,2.086004,2.0086,CU
Otomys_irroratus,Aethomys_ineptus,2.071882,1.874482,CU
Otomys_irroratus,Aethomys_namaquensis,2.071882,1.704151,CU
Otomys_irroratus,Dasymys_incomtus,2.071882,1.955207,CU
Otomys_irroratus,Desmodillus_auricularis,2.071882,1.726727,CU
Otomys_irroratus,Gerbilliscus_brantsii,2.071882,2.058426,CU
Otomys_irroratus,Gerbilliscus_leucogaster,2.071882,1.862131,CU
Otomys_irroratus,Lemniscomys_rosalia,2.071882,1.733999,CU
Otomys_irroratus,Mastomys_coucha,2.071882,1.491362,CU
Otomys_irroratus,Otomys_angoniensis,2.071882,2.086004,CU
Otomys_irroratus,Rattus_rattus,2.071882,2.251151,CU
Otomys_irroratus,Rhabdomys_pumilio,2.071882,1.613842,CU
Otomys_irroratus,Thallomys_paedulcus,2.071882,1.905796,CU
Otomys_irroratus,Mystromys_albicaudatus,2.071882,1.93902,CU
Otomys_irroratus,Saccostomus_campestris,2.071882,1.70927,CU
Otomys_irroratus,Steatomys_krebsii,2.071882,1.31597,CU
Otomys_irroratus,Steatomys_pratensis,2.071882,1.681241,CU
Otomys_irroratus,Elephantulus_brachyrhynchus,2.071882,1.676694,CU
Otomys_irroratus,Elephantulus_myurus,2.071882,1.719331,CU
Otomys_irroratus,Graphiurus_microtis,2.071882,1.190332,CU
Otomys_irroratus,Graphiurus_platyops,2.071882,1.663701,CU
Otomys_irroratus,Cryptomys_hottentotus,2.071882,2.0086,CU
Panthera_pardus,Aepyceros_melampus,4.74036,4.72016,CU
Panthera_pardus,Antidorcas_marsupialis,4.74036,4.498311,CU
Panthera_pardus,Oreotragus_oreotragus,4.74036,4.11394,CU
Panthera_pardus,Ourebia_ourebi,4.74036,4.236789,CU
Panthera_pardus,Pelea_capreolus,4.74036,4.30103,CU
Panthera_pardus,Raphicerus_campestris,4.74036,4.021189,CU
Panthera_pardus,Redunca_arundinum,4.74036,4.76343,CU
Panthera_pardus,Redunca_fulvorufula,4.74036,4.469821,CU
Panthera_pardus,Sylvicapra_grimmia,4.74036,4.29003,CU
Panthera_pardus,Tragelaphus_scriptus,4.74036,4.63599,CU
Panthera_pardus,Pedetes_capensis,4.74036,3.498999,CU
Panthera_pardus,Procavia_capensis,4.74036,3.481443,CU
Panthera_pardus,Aethomys_ineptus,4.74036,1.874482,CU
Panthera_pardus,Aethomys_namaquensis,4.74036,1.704151,CU
Panthera_pardus,Dasymys_incomtus,4.74036,1.955207,CU
Panthera_pardus,Desmodillus_auricularis,4.74036,1.726727,CU
Panthera_pardus,Gerbilliscus_brantsii,4.74036,2.058426,CU
Panthera_pardus,Gerbilliscus_leucogaster,4.74036,1.862131,CU
Panthera_pardus,Lemniscomys_rosalia,4.74036,1.733999,CU
Panthera_pardus,Mastomys_coucha,4.74036,1.491362,CU
Panthera_pardus,Otomys_angoniensis,4.74036,2.086004,CU
Panthera_pardus,Otomys_irroratus,4.74036,2.071882,CU
Panthera_pardus,Rattus_rattus,4.74036,2.251151,CU
Panthera_pardus,Rhabdomys_pumilio,4.74036,1.613842,CU
Panthera_pardus,Thallomys_paedulcus,4.74036,1.905796,CU
Panthera_pardus,Lepus_capensis,4.74036,3.513444,CU
Panthera_pardus,Lepus_saxatilis,4.74036,3.373519,CU
Panthera_pardus,Lepus_victoriae,4.74036,3.243038,CU
Panthera_pardus,Pronolagus_randensis,4.74036,3.368287,CU
Panthera_pardus,Parahyaena_brunnea,4.74036,4.50786,CU
Panthera_pardus,Proteles_cristata,4.74036,4,CU
Panthera_pardus,Caracal_caracal,4.74036,4.1383,CU
Panthera_pardus,Felis_nigripes,4.74036,3.113943,CU
Panthera_pardus,Felis_silvestris,4.74036,3.740363,CU
Panthera_pardus,Leptailurus_serval,4.74036,4.079181,CU
Panthera_pardus,Canis_mesomelas,4.74036,3.929419,CU
Panthera_pardus,Otocyon_megalotis,4.74036,3.618048,CU
Panthera_pardus,Vulpes_chama,4.74036,3.470557,CU
Panthera_pardus,Chlorocebus_pygerythrus,4.74036,3.599337,CU
Panthera_pardus,Papio_ursinus,4.74036,4.446212,CU
Panthera_pardus,Mystromys_albicaudatus,4.74036,1.93902,CU
Panthera_pardus,Saccostomus_campestris,4.74036,1.70927,CU
Panthera_pardus,Steatomys_pratensis,4.74036,1.681241,CU
Panthera_pardus,Elephantulus_brachyrhynchus,4.74036,1.676694,CU
Panthera_pardus,Elephantulus_myurus,4.74036,1.719331,CU
Panthera_pardus,Graphiurus_platyops,4.74036,1.663701,CU
Panthera_pardus,Cryptomys_hottentotus,4.74036,2.0086,CU
Panthera_pardus,Hystrix_africaeaustralis,4.74036,4.174234,CU
Panthera_pardus,Orycteropus_afer,4.74036,4.71892,CU
Panthera_pardus,Galago_moholi,4.74036,2.20412,CU
Panthera_pardus,Paraxerus_cepapi,4.74036,2.255273,CU
Panthera_pardus,Xerus_inauris,4.74036,2.723456,CU
Panthera_pardus,Chrysospalax_villosus,4.74036,2.078819,CU
Panthera_pardus,Aonyx_capensis,4.74036,4.278749,CU
Panthera_pardus,Hydrictis_maculicollis,4.74036,3.60206,CU
Panthera_pardus,Ictonyx_striatus,4.74036,3.113943,CU
Panthera_pardus,Mellivora_capensis,4.74036,3.929419,CU
Panthera_pardus,Poecilogale_albinucha,4.74036,2.531479,CU
Papio_ursinus,Antidorcas_marsupialis,4.446212,4.498311,CU
Papio_ursinus,Oreotragus_oreotragus,4.446212,4.11394,CU
Papio_ursinus,Ourebia_ourebi,4.446212,4.236789,CU
Papio_ursinus,Pelea_capreolus,4.446212,4.30103,CU
Papio_ursinus,Raphicerus_campestris,4.446212,4.021189,CU
Papio_ursinus,Redunca_fulvorufula,4.446212,4.469821,CU
Papio_ursinus,Sylvicapra_grimmia,4.446212,4.29003,CU
Papio_ursinus,Aethomys_ineptus,4.446212,1.874482,CU
Papio_ursinus,Aethomys_namaquensis,4.446212,1.704151,CU
Papio_ursinus,Dasymys_incomtus,4.446212,1.955207,CU
Papio_ursinus,Desmodillus_auricularis,4.446212,1.726727,CU
Papio_ursinus,Gerbilliscus_brantsii,4.446212,2.058426,CU
Papio_ursinus,Gerbilliscus_leucogaster,4.446212,1.862131,CU
Papio_ursinus,Lemniscomys_rosalia,4.446212,1.733999,CU
Papio_ursinus,Mastomys_coucha,4.446212,1.491362,CU
Papio_ursinus,Otomys_angoniensis,4.446212,2.086004,CU
Papio_ursinus,Otomys_irroratus,4.446212,2.071882,CU
Papio_ursinus,Rattus_rattus,4.446212,2.251151,CU
Papio_ursinus,Rhabdomys_pumilio,4.446212,1.613842,CU
Papio_ursinus,Thallomys_paedulcus,4.446212,1.905796,CU
Papio_ursinus,Lepus_capensis,4.446212,3.513444,CU
Papio_ursinus,Lepus_saxatilis,4.446212,3.373519,CU
Papio_ursinus,Lepus_victoriae,4.446212,3.243038,CU
Papio_ursinus,Pronolagus_randensis,4.446212,3.368287,CU
Papio_ursinus,Procavia_capensis,4.446212,3.481443,CU
Papio_ursinus,Mystromys_albicaudatus,4.446212,1.93902,CU
Papio_ursinus,Saccostomus_campestris,4.446212,1.70927,CU
Papio_ursinus,Steatomys_krebsii,4.446212,1.31597,CU
Papio_ursinus,Steatomys_pratensis,4.446212,1.681241,CU
Papio_ursinus,Elephantulus_brachyrhynchus,4.446212,1.676694,CU
Papio_ursinus,Elephantulus_myurus,4.446212,1.719331,CU
Papio_ursinus,Graphiurus_platyops,4.446212,1.663701,CU
Papio_ursinus,Cryptomys_hottentotus,4.446212,2.0086,CU
Parahyaena_brunnea,Antidorcas_marsupialis,4.50786,4.498311,CU
Parahyaena_brunnea,Oreotragus_oreotragus,4.50786,4.11394,CU
Parahyaena_brunnea,Ourebia_ourebi,4.50786,4.236789,CU
Parahyaena_brunnea,Pelea_capreolus,4.50786,4.30103,CU
Parahyaena_brunnea,Raphicerus_campestris,4.50786,4.021189,CU
Parahyaena_brunnea,Redunca_fulvorufula,4.50786,4.469821,CU
Parahyaena_brunnea,Sylvicapra_grimmia,4.50786,4.29003,CU
Parahyaena_brunnea,Aethomys_ineptus,4.50786,1.874482,CU
Parahyaena_brunnea,Aethomys_namaquensis,4.50786,1.704151,CU
Parahyaena_brunnea,Dasymys_incomtus,4.50786,1.955207,CU
Parahyaena_brunnea,Desmodillus_auricularis,4.50786,1.726727,CU
Parahyaena_brunnea,Gerbilliscus_brantsii,4.50786,2.058426,CU
Parahyaena_brunnea,Gerbilliscus_leucogaster,4.50786,1.862131,CU
Parahyaena_brunnea,Lemniscomys_rosalia,4.50786,1.733999,CU
Parahyaena_brunnea,Mastomys_coucha,4.50786,1.491362,CU
Parahyaena_brunnea,Otomys_angoniensis,4.50786,2.086004,CU
Parahyaena_brunnea,Otomys_irroratus,4.50786,2.071882,CU
Parahyaena_brunnea,Rattus_rattus,4.50786,2.251151,CU
Parahyaena_brunnea,Rhabdomys_pumilio,4.50786,1.613842,CU
Parahyaena_brunnea,Thallomys_paedulcus,4.50786,1.905796,CU
Parahyaena_brunnea,Procavia_capensis,4.50786,3.481443,CU
Parahyaena_brunnea,Lepus_capensis,4.50786,3.513444,CU
Parahyaena_brunnea,Lepus_saxatilis,4.50786,3.373519,CU
Parahyaena_brunnea,Lepus_victoriae,4.50786,3.243038,CU
Parahyaena_brunnea,Pronolagus_randensis,4.50786,3.368287,CU
Parahyaena_brunnea,Chlorocebus_pygerythrus,4.50786,3.599337,CU
Parahyaena_brunnea,Papio_ursinus,4.50786,4.446212,CU
Parahyaena_brunnea,Hystrix_africaeaustralis,4.50786,4.174234,CU
Parahyaena_brunnea,Mystromys_albicaudatus,4.50786,1.93902,CU
Parahyaena_brunnea,Saccostomus_campestris,4.50786,1.70927,CU
Parahyaena_brunnea,Steatomys_krebsii,4.50786,1.31597,CU
Parahyaena_brunnea,Steatomys_pratensis,4.50786,1.681241,CU
Parahyaena_brunnea,Elephantulus_brachyrhynchus,4.50786,1.676694,CU
Parahyaena_brunnea,Elephantulus_myurus,4.50786,1.719331,CU
Parahyaena_brunnea,Graphiurus_platyops,4.50786,1.663701,CU
Parahyaena_brunnea,Cryptomys_hottentotus,4.50786,2.0086,CU
Parahyaena_brunnea,Galago_moholi,4.50786,2.20412,CU
Parahyaena_brunnea,Atelerix_frontalis,4.50786,2.490661,CU
Phacochoerus_africanus,Aethomys_ineptus,4.916454,1.874482,CU
Phacochoerus_africanus,Aethomys_namaquensis,4.916454,1.704151,CU
Phacochoerus_africanus,Dasymys_incomtus,4.916454,1.955207,CU
Phacochoerus_africanus,Desmodillus_auricularis,4.916454,1.726727,CU
Phacochoerus_africanus,Gerbilliscus_brantsii,4.916454,2.058426,CU
Phacochoerus_africanus,Gerbilliscus_leucogaster,4.916454,1.862131,CU
Phacochoerus_africanus,Lemniscomys_rosalia,4.916454,1.733999,CU
Phacochoerus_africanus,Mastomys_coucha,4.916454,1.491362,CU
Phacochoerus_africanus,Otomys_angoniensis,4.916454,2.086004,CU
Phacochoerus_africanus,Otomys_irroratus,4.916454,2.071882,CU
Phacochoerus_africanus,Rattus_rattus,4.916454,2.251151,CU
Phacochoerus_africanus,Rhabdomys_pumilio,4.916454,1.613842,CU
Phacochoerus_africanus,Thallomys_paedulcus,4.916454,1.905796,CU
Phacochoerus_africanus,Procavia_capensis,4.916454,3.481443,CU
Phacochoerus_africanus,Mystromys_albicaudatus,4.916454,1.93902,CU
Phacochoerus_africanus,Saccostomus_campestris,4.916454,1.70927,CU
Phacochoerus_africanus,Steatomys_pratensis,4.916454,1.681241,CU
Phacochoerus_africanus,Elephantulus_brachyrhynchus,4.916454,1.676694,CU
Phacochoerus_africanus,Elephantulus_myurus,4.916454,1.719331,CU
Phacochoerus_africanus,Graphiurus_platyops,4.916454,1.663701,CU
Phacochoerus_africanus,Cryptomys_hottentotus,4.916454,2.0086,CU
Phacochoerus_africanus,Lepus_capensis,4.916454,3.513444,CU
Phacochoerus_africanus,Lepus_saxatilis,4.916454,3.373519,CU
Phacochoerus_africanus,Lepus_victoriae,4.916454,3.243038,CU
Phacochoerus_africanus,Pronolagus_randensis,4.916454,3.368287,CU
Poecilogale_albinucha,Paraxerus_cepapi,2.531479,2.255273,CU
Poecilogale_albinucha,Xerus_inauris,2.531479,2.723456,CU
Poecilogale_albinucha,Aethomys_ineptus,2.531479,1.874482,CU
Poecilogale_albinucha,Aethomys_namaquensis,2.531479,1.704151,CU
Poecilogale_albinucha,Dasymys_incomtus,2.531479,1.955207,CU
Poecilogale_albinucha,Desmodillus_auricularis,2.531479,1.726727,CU
Poecilogale_albinucha,Gerbilliscus_brantsii,2.531479,2.058426,CU
Poecilogale_albinucha,Gerbilliscus_leucogaster,2.531479,1.862131,CU
Poecilogale_albinucha,Lemniscomys_rosalia,2.531479,1.733999,CU
Poecilogale_albinucha,Mastomys_coucha,2.531479,1.491362,CU
Poecilogale_albinucha,Otomys_angoniensis,2.531479,2.086004,CU
Poecilogale_albinucha,Otomys_irroratus,2.531479,2.071882,CU
Poecilogale_albinucha,Rattus_rattus,2.531479,2.251151,CU
Poecilogale_albinucha,Rhabdomys_pumilio,2.531479,1.613842,CU
Poecilogale_albinucha,Thallomys_paedulcus,2.531479,1.905796,CU
Poecilogale_albinucha,Mystromys_albicaudatus,2.531479,1.93902,CU
Poecilogale_albinucha,Saccostomus_campestris,2.531479,1.70927,CU
Poecilogale_albinucha,Steatomys_krebsii,2.531479,1.31597,CU
Poecilogale_albinucha,Steatomys_pratensis,2.531479,1.681241,CU
Poecilogale_albinucha,Elephantulus_brachyrhynchus,2.531479,1.676694,CU
Poecilogale_albinucha,Elephantulus_myurus,2.531479,1.719331,CU
Poecilogale_albinucha,Graphiurus_microtis,2.531479,1.190332,CU
Poecilogale_albinucha,Graphiurus_platyops,2.531479,1.663701,CU
Poecilogale_albinucha,Cryptomys_hottentotus,2.531479,2.0086,CU
Poecilogale_albinucha,Atelerix_frontalis,2.531479,2.490661,CU
Proteles_cristata,Oreotragus_oreotragus,4,4.11394,CU
Proteles_cristata,Raphicerus_campestris,4,4.021189,CU
Proteles_cristata,Aethomys_ineptus,4,1.874482,CU
Proteles_cristata,Aethomys_namaquensis,4,1.704151,CU
Proteles_cristata,Dasymys_incomtus,4,1.955207,CU
Proteles_cristata,Desmodillus_auricularis,4,1.726727,CU
Proteles_cristata,Gerbilliscus_brantsii,4,2.058426,CU
Proteles_cristata,Gerbilliscus_leucogaster,4,1.862131,CU
Proteles_cristata,Lemniscomys_rosalia,4,1.733999,CU
Proteles_cristata,Mastomys_coucha,4,1.491362,CU
Proteles_cristata,Otomys_angoniensis,4,2.086004,CU
Proteles_cristata,Otomys_irroratus,4,2.071882,CU
Proteles_cristata,Rattus_rattus,4,2.251151,CU
Proteles_cristata,Rhabdomys_pumilio,4,1.613842,CU
Proteles_cristata,Thallomys_paedulcus,4,1.905796,CU
Proteles_cristata,Procavia_capensis,4,3.481443,CU
Proteles_cristata,Lepus_capensis,4,3.513444,CU
Proteles_cristata,Lepus_saxatilis,4,3.373519,CU
Proteles_cristata,Lepus_victoriae,4,3.243038,CU
Proteles_cristata,Pronolagus_randensis,4,3.368287,CU
Proteles_cristata,Chlorocebus_pygerythrus,4,3.599337,CU
Proteles_cristata,Mystromys_albicaudatus,4,1.93902,CU
Proteles_cristata,Saccostomus_campestris,4,1.70927,CU
Proteles_cristata,Steatomys_krebsii,4,1.31597,CU
Proteles_cristata,Steatomys_pratensis,4,1.681241,CU
Proteles_cristata,Elephantulus_brachyrhynchus,4,1.676694,CU
Proteles_cristata,Elephantulus_myurus,4,1.719331,CU
Proteles_cristata,Graphiurus_platyops,4,1.663701,CU
Proteles_cristata,Cryptomys_hottentotus,4,2.0086,CU
Proteles_cristata,Galago_moholi,4,2.20412,CU
Proteles_cristata,Atelerix_frontalis,4,2.490661,CU
Rattus_rattus,Aethomys_ineptus,2.251151,1.874482,CU
Rattus_rattus,Aethomys_namaquensis,2.251151,1.704151,CU
Rattus_rattus,Dasymys_incomtus,2.251151,1.955207,CU
Rattus_rattus,Desmodillus_auricularis,2.251151,1.726727,CU
Rattus_rattus,Gerbilliscus_brantsii,2.251151,2.058426,CU
Rattus_rattus,Gerbilliscus_leucogaster,2.251151,1.862131,CU
Rattus_rattus,Lemniscomys_rosalia,2.251151,1.733999,CU
Rattus_rattus,Mastomys_coucha,2.251151,1.491362,CU
Rattus_rattus,Otomys_angoniensis,2.251151,2.086004,CU
Rattus_rattus,Otomys_irroratus,2.251151,2.071882,CU
Rattus_rattus,Rhabdomys_pumilio,2.251151,1.613842,CU
Rattus_rattus,Thallomys_paedulcus,2.251151,1.905796,CU
Rattus_rattus,Mystromys_albicaudatus,2.251151,1.93902,CU
Rattus_rattus,Saccostomus_campestris,2.251151,1.70927,CU
Rattus_rattus,Steatomys_krebsii,2.251151,1.31597,CU
Rattus_rattus,Steatomys_pratensis,2.251151,1.681241,CU
Rattus_rattus,Elephantulus_brachyrhynchus,2.251151,1.676694,CU
Rattus_rattus,Elephantulus_myurus,2.251151,1.719331,CU
Rattus_rattus,Graphiurus_microtis,2.251151,1.190332,CU
Rattus_rattus,Graphiurus_platyops,2.251151,1.663701,CU
Rattus_rattus,Cryptomys_hottentotus,2.251151,2.0086,CU
Rhabdomys_pumilio,Aethomys_ineptus,1.613842,1.874482,CU
Rhabdomys_pumilio,Aethomys_namaquensis,1.613842,1.704151,CU
Rhabdomys_pumilio,Dasymys_incomtus,1.613842,1.955207,CU
Rhabdomys_pumilio,Desmodillus_auricularis,1.613842,1.726727,CU
Rhabdomys_pumilio,Gerbilliscus_leucogaster,1.613842,1.862131,CU
Rhabdomys_pumilio,Lemniscomys_rosalia,1.613842,1.733999,CU
Rhabdomys_pumilio,Mastomys_coucha,1.613842,1.491362,CU
Rhabdomys_pumilio,Thallomys_paedulcus,1.613842,1.905796,CU
Rhabdomys_pumilio,Mystromys_albicaudatus,1.613842,1.93902,CU
Rhabdomys_pumilio,Saccostomus_campestris,1.613842,1.70927,CU
Rhabdomys_pumilio,Steatomys_krebsii,1.613842,1.31597,CU
Rhabdomys_pumilio,Steatomys_pratensis,1.613842,1.681241,CU
Rhabdomys_pumilio,Elephantulus_brachyrhynchus,1.613842,1.676694,CU
Rhabdomys_pumilio,Elephantulus_myurus,1.613842,1.719331,CU
Rhabdomys_pumilio,Graphiurus_microtis,1.613842,1.190332,CU
Rhabdomys_pumilio,Graphiurus_platyops,1.613842,1.663701,CU
Suricata_suricatta,Aethomys_ineptus,2.860637,1.874482,CU
Suricata_suricatta,Aethomys_namaquensis,2.860637,1.704151,CU
Suricata_suricatta,Dasymys_incomtus,2.860637,1.955207,CU
Suricata_suricatta,Desmodillus_auricularis,2.860637,1.726727,CU
Suricata_suricatta,Gerbilliscus_brantsii,2.860637,2.058426,CU
Suricata_suricatta,Gerbilliscus_leucogaster,2.860637,1.862131,CU
Suricata_suricatta,Lemniscomys_rosalia,2.860637,1.733999,CU
Suricata_suricatta,Mastomys_coucha,2.860637,1.491362,CU
Suricata_suricatta,Otomys_angoniensis,2.860637,2.086004,CU
Suricata_suricatta,Otomys_irroratus,2.860637,2.071882,CU
Suricata_suricatta,Rattus_rattus,2.860637,2.251151,CU
Suricata_suricatta,Rhabdomys_pumilio,2.860637,1.613842,CU
Suricata_suricatta,Thallomys_paedulcus,2.860637,1.905796,CU
Suricata_suricatta,Mystromys_albicaudatus,2.860637,1.93902,CU
Suricata_suricatta,Saccostomus_campestris,2.860637,1.70927,CU
Suricata_suricatta,Steatomys_krebsii,2.860637,1.31597,CU
Suricata_suricatta,Steatomys_pratensis,2.860637,1.681241,CU
Suricata_suricatta,Elephantulus_brachyrhynchus,2.860637,1.676694,CU
Suricata_suricatta,Elephantulus_myurus,2.860637,1.719331,CU
Suricata_suricatta,Graphiurus_microtis,2.860637,1.190332,CU
Suricata_suricatta,Graphiurus_platyops,2.860637,1.663701,CU
Suricata_suricatta,Cryptomys_hottentotus,2.860637,2.0086,CU
Suricata_suricatta,Paraxerus_cepapi,2.860637,2.255273,CU
Suricata_suricatta,Xerus_inauris,2.860637,2.723456,CU
Thallomys_paedulcus,Aethomys_ineptus,1.905796,1.874482,CU
Thallomys_paedulcus,Aethomys_namaquensis,1.905796,1.704151,CU
Thallomys_paedulcus,Dasymys_incomtus,1.905796,1.955207,CU
Thallomys_paedulcus,Desmodillus_auricularis,1.905796,1.726727,CU
Thallomys_paedulcus,Gerbilliscus_brantsii,1.905796,2.058426,CU
Thallomys_paedulcus,Gerbilliscus_leucogaster,1.905796,1.862131,CU
Thallomys_paedulcus,Lemniscomys_rosalia,1.905796,1.733999,CU
Thallomys_paedulcus,Mastomys_coucha,1.905796,1.491362,CU
Thallomys_paedulcus,Otomys_angoniensis,1.905796,2.086004,CU
Thallomys_paedulcus,Otomys_irroratus,1.905796,2.071882,CU
Thallomys_paedulcus,Rhabdomys_pumilio,1.905796,1.613842,CU
Thallomys_paedulcus,Mystromys_albicaudatus,1.905796,1.93902,CU
Thallomys_paedulcus,Saccostomus_campestris,1.905796,1.70927,CU
Thallomys_paedulcus,Steatomys_krebsii,1.905796,1.31597,CU
Thallomys_paedulcus,Steatomys_pratensis,1.905796,1.681241,CU
Thallomys_paedulcus,Elephantulus_brachyrhynchus,1.905796,1.676694,CU
Thallomys_paedulcus,Elephantulus_myurus,1.905796,1.719331,CU
Thallomys_paedulcus,Graphiurus_microtis,1.905796,1.190332,CU
Thallomys_paedulcus,Graphiurus_platyops,1.905796,1.663701,CU
Thallomys_paedulcus,Cryptomys_hottentotus,1.905796,2.0086,CU
Vulpes_chama,Paraxerus_cepapi,3.470557,2.255273,CU
Vulpes_chama,Xerus_inauris,3.470557,2.723456,CU
Vulpes_chama,Chrysospalax_villosus,3.470557,2.078819,CU
Vulpes_chama,Aethomys_ineptus,3.470557,1.874482,CU
Vulpes_chama,Aethomys_namaquensis,3.470557,1.704151,CU
Vulpes_chama,Dasymys_incomtus,3.470557,1.955207,CU
Vulpes_chama,Desmodillus_auricularis,3.470557,1.726727,CU
Vulpes_chama,Gerbilliscus_brantsii,3.470557,2.058426,CU
Vulpes_chama,Gerbilliscus_leucogaster,3.470557,1.862131,CU
Vulpes_chama,Lemniscomys_rosalia,3.470557,1.733999,CU
Vulpes_chama,Mastomys_coucha,3.470557,1.491362,CU
Vulpes_chama,Otomys_angoniensis,3.470557,2.086004,CU
Vulpes_chama,Otomys_irroratus,3.470557,2.071882,CU
Vulpes_chama,Rattus_rattus,3.470557,2.251151,CU
Vulpes_chama,Rhabdomys_pumilio,3.470557,1.613842,CU
Vulpes_chama,Thallomys_paedulcus,3.470557,1.905796,CU
Vulpes_chama,Lepus_capensis,3.470557,3.513444,CU
Vulpes_chama,Lepus_saxatilis,3.470557,3.373519,CU
Vulpes_chama,Lepus_victoriae,3.470557,3.243038,CU
Vulpes_chama,Pronolagus_randensis,3.470557,3.368287,CU
Vulpes_chama,Procavia_capensis,3.470557,3.481443,CU
Vulpes_chama,Mystromys_albicaudatus,3.470557,1.93902,CU
Vulpes_chama,Saccostomus_campestris,3.470557,1.70927,CU
Vulpes_chama,Steatomys_krebsii,3.470557,1.31597,CU
Vulpes_chama,Steatomys_pratensis,3.470557,1.681241,CU
Vulpes_chama,Elephantulus_brachyrhynchus,3.470557,1.676694,CU
Vulpes_chama,Elephantulus_myurus,3.470557,1.719331,CU
Vulpes_chama,Graphiurus_platyops,3.470557,1.663701,CU
Vulpes_chama,Cryptomys_hottentotus,3.470557,2.0086,CU
Vulpes_chama,Atelerix_frontalis,3.470557,2.490661,CU
Vulpes_chama,Otocyon_megalotis,3.470557,3.618048,CU
Vulpes_chama,Felis_nigripes,3.470557,3.113943,CU
Acinonyx_jubatus,Aepyceros_melampus,4.669317,4.72016,PN
Acinonyx_jubatus,Antidorcas_australis,4.669317,4.60206,PN
Acinonyx_jubatus,Antidorcas_bondi,4.669317,4.531479,PN
Acinonyx_jubatus,Antidorcas_marsupialis,4.669317,4.498311,PN
Acinonyx_jubatus,Oreotragus_oreotragus,4.669317,4.11394,PN
Acinonyx_jubatus,Ourebia_ourebi,4.669317,4.236789,PN
Acinonyx_jubatus,Pelea_capreolus,4.669317,4.30103,PN
Acinonyx_jubatus,Raphicerus_campestris,4.669317,4.021189,PN
Acinonyx_jubatus,Redunca_fulvorufula,4.669317,4.469821,PN
Acinonyx_jubatus,Sylvicapra_grimmia,4.669317,4.29003,PN
Acinonyx_jubatus,Tragelaphus_scriptus,4.669317,4.63599,PN
Acinonyx_jubatus,Pedetes_capensis,4.669317,3.498999,PN
Acinonyx_jubatus,Procavia_capensis,4.669317,3.481443,PN
Acinonyx_jubatus,Aethomys_ineptus,4.669317,1.874482,PN
Acinonyx_jubatus,Aethomys_namaquensis,4.669317,1.704151,PN
Acinonyx_jubatus,Dasymys_incomtus,4.669317,1.955207,PN
Acinonyx_jubatus,Desmodillus_auricularis,4.669317,1.726727,PN
Acinonyx_jubatus,Gerbilliscus_brantsii,4.669317,2.058426,PN
Acinonyx_jubatus,Gerbilliscus_leucogaster,4.669317,1.862131,PN
Acinonyx_jubatus,Lemniscomys_rosalia,4.669317,1.733999,PN
Acinonyx_jubatus,Mastomys_coucha,4.669317,1.491362,PN
Acinonyx_jubatus,Otomys_angoniensis,4.669317,2.086004,PN
Acinonyx_jubatus,Otomys_irroratus,4.669317,2.071882,PN
Acinonyx_jubatus,Rhabdomys_pumilio,4.669317,1.613842,PN
Acinonyx_jubatus,Thallomys_paedulcus,4.669317,1.905796,PN
Acinonyx_jubatus,Lepus_capensis,4.669317,3.513444,PN
Acinonyx_jubatus,Lepus_saxatilis,4.669317,3.373519,PN
Acinonyx_jubatus,Lepus_victoriae,4.669317,3.243038,PN
Acinonyx_jubatus,Pronolagus_randensis,4.669317,3.368287,PN
Acinonyx_jubatus,Parahyaena_brunnea,4.669317,4.50786,PN
Acinonyx_jubatus,Proteles_cristata,4.669317,4,PN
Acinonyx_jubatus,Caracal_caracal,4.669317,4.1383,PN
Acinonyx_jubatus,Felis_nigripes,4.669317,3.113943,PN
Acinonyx_jubatus,Felis_silvestris,4.669317,3.740363,PN
Acinonyx_jubatus,Leptailurus_serval,4.669317,4.079181,PN
Acinonyx_jubatus,Panthera_pardus,4.669317,4.74036,PN
Acinonyx_jubatus,Canis_mesomelas,4.669317,3.929419,PN
Acinonyx_jubatus,Lycaon_pictus,4.669317,4.343411,PN
Acinonyx_jubatus,Otocyon_megalotis,4.669317,3.618048,PN
Acinonyx_jubatus,Vulpes_chama,4.669317,3.470557,PN
Acinonyx_jubatus,Chlorocebus_pygerythrus,4.669317,3.599337,PN
Acinonyx_jubatus,Papio_ursinus,4.669317,4.446212,PN
Acinonyx_jubatus,Mystromys_albicaudatus,4.669317,1.93902,PN
Acinonyx_jubatus,Saccostomus_campestris,4.669317,1.70927,PN
Acinonyx_jubatus,Steatomys_pratensis,4.669317,1.681241,PN
Acinonyx_jubatus,Elephantulus_brachyrhynchus,4.669317,1.676694,PN
Acinonyx_jubatus,Elephantulus_myurus,4.669317,1.719331,PN
Acinonyx_jubatus,Graphiurus_platyops,4.669317,1.663701,PN
Acinonyx_jubatus,Cryptomys_hottentotus,4.669317,2.0086,PN
Acinonyx_jubatus,Hystrix_africaeaustralis,4.669317,4.174234,PN
Acinonyx_jubatus,Orycteropus_afer,4.669317,4.71892,PN
Acinonyx_jubatus,Galago_moholi,4.669317,2.20412,PN
Acinonyx_jubatus,Paraxerus_cepapi,4.669317,2.255273,PN
Acinonyx_jubatus,Xerus_inauris,4.669317,2.723456,PN
Acinonyx_jubatus,Chrysospalax_villosus,4.669317,2.078819,PN
Acinonyx_jubatus,Aonyx_capensis,4.669317,4.278749,PN
Acinonyx_jubatus,Hydrictis_maculicollis,4.669317,3.60206,PN
Acinonyx_jubatus,Ictonyx_striatus,4.669317,3.113943,PN
Acinonyx_jubatus,Mellivora_capensis,4.669317,3.929419,PN
Acinonyx_jubatus,Poecilogale_albinucha,4.669317,2.531479,PN
Aethomys_ineptus,Aethomys_namaquensis,1.874482,1.704151,PN
Aethomys_ineptus,Dasymys_incomtus,1.874482,1.955207,PN
Aethomys_ineptus,Desmodillus_auricularis,1.874482,1.726727,PN
Aethomys_ineptus,Gerbilliscus_brantsii,1.874482,2.058426,PN
Aethomys_ineptus,Gerbilliscus_leucogaster,1.874482,1.862131,PN
Aethomys_ineptus,Lemniscomys_rosalia,1.874482,1.733999,PN
Aethomys_ineptus,Mastomys_coucha,1.874482,1.491362,PN
Aethomys_ineptus,Otomys_angoniensis,1.874482,2.086004,PN
Aethomys_ineptus,Otomys_irroratus,1.874482,2.071882,PN
Aethomys_ineptus,Rhabdomys_pumilio,1.874482,1.613842,PN
Aethomys_ineptus,Thallomys_paedulcus,1.874482,1.905796,PN
Aethomys_ineptus,Mystromys_albicaudatus,1.874482,1.93902,PN
Aethomys_ineptus,Saccostomus_campestris,1.874482,1.70927,PN
Aethomys_ineptus,Steatomys_krebsii,1.874482,1.31597,PN
Aethomys_ineptus,Steatomys_pratensis,1.874482,1.681241,PN
Aethomys_ineptus,Elephantulus_brachyrhynchus,1.874482,1.676694,PN
Aethomys_ineptus,Elephantulus_myurus,1.874482,1.719331,PN
Aethomys_ineptus,Graphiurus_microtis,1.874482,1.190332,PN
Aethomys_ineptus,Graphiurus_platyops,1.874482,1.663701,PN
Aethomys_ineptus,Cryptomys_hottentotus,1.874482,2.0086,PN
Aethomys_namaquensis,Aethomys_ineptus,1.704151,1.874482,PN
Aethomys_namaquensis,Dasymys_incomtus,1.704151,1.955207,PN
Aethomys_namaquensis,Desmodillus_auricularis,1.704151,1.726727,PN
Aethomys_namaquensis,Gerbilliscus_leucogaster,1.704151,1.862131,PN
Aethomys_namaquensis,Lemniscomys_rosalia,1.704151,1.733999,PN
Aethomys_namaquensis,Mastomys_coucha,1.704151,1.491362,PN
Aethomys_namaquensis,Rhabdomys_pumilio,1.704151,1.613842,PN
Aethomys_namaquensis,Thallomys_paedulcus,1.704151,1.905796,PN
Aethomys_namaquensis,Mystromys_albicaudatus,1.704151,1.93902,PN
Aethomys_namaquensis,Saccostomus_campestris,1.704151,1.70927,PN
Aethomys_namaquensis,Steatomys_krebsii,1.704151,1.31597,PN
Aethomys_namaquensis,Steatomys_pratensis,1.704151,1.681241,PN
Aethomys_namaquensis,Elephantulus_brachyrhynchus,1.704151,1.676694,PN
Aethomys_namaquensis,Elephantulus_myurus,1.704151,1.719331,PN
Aethomys_namaquensis,Graphiurus_microtis,1.704151,1.190332,PN
Aethomys_namaquensis,Graphiurus_platyops,1.704151,1.663701,PN
Aethomys_namaquensis,Cryptomys_hottentotus,1.704151,2.0086,PN
Aonyx_capensis,Paraxerus_cepapi,4.278749,2.255273,PN
Aonyx_capensis,Xerus_inauris,4.278749,2.723456,PN
Aonyx_capensis,Aethomys_ineptus,4.278749,1.874482,PN
Aonyx_capensis,Aethomys_namaquensis,4.278749,1.704151,PN
Aonyx_capensis,Dasymys_incomtus,4.278749,1.955207,PN
Aonyx_capensis,Desmodillus_auricularis,4.278749,1.726727,PN
Aonyx_capensis,Gerbilliscus_brantsii,4.278749,2.058426,PN
Aonyx_capensis,Gerbilliscus_leucogaster,4.278749,1.862131,PN
Aonyx_capensis,Lemniscomys_rosalia,4.278749,1.733999,PN
Aonyx_capensis,Mastomys_coucha,4.278749,1.491362,PN
Aonyx_capensis,Otomys_angoniensis,4.278749,2.086004,PN
Aonyx_capensis,Otomys_irroratus,4.278749,2.071882,PN
Aonyx_capensis,Rhabdomys_pumilio,4.278749,1.613842,PN
Aonyx_capensis,Thallomys_paedulcus,4.278749,1.905796,PN
Aonyx_capensis,Procavia_capensis,4.278749,3.481443,PN
Aonyx_capensis,Mystromys_albicaudatus,4.278749,1.93902,PN
Aonyx_capensis,Saccostomus_campestris,4.278749,1.70927,PN
Aonyx_capensis,Steatomys_krebsii,4.278749,1.31597,PN
Aonyx_capensis,Steatomys_pratensis,4.278749,1.681241,PN
Aonyx_capensis,Elephantulus_brachyrhynchus,4.278749,1.676694,PN
Aonyx_capensis,Elephantulus_myurus,4.278749,1.719331,PN
Aonyx_capensis,Graphiurus_platyops,4.278749,1.663701,PN
Aonyx_capensis,Cryptomys_hottentotus,4.278749,2.0086,PN
Aonyx_capensis,Lepus_capensis,4.278749,3.513444,PN
Aonyx_capensis,Lepus_saxatilis,4.278749,3.373519,PN
Aonyx_capensis,Lepus_victoriae,4.278749,3.243038,PN
Aonyx_capensis,Pronolagus_randensis,4.278749,3.368287,PN
Aonyx_capensis,Atelerix_frontalis,4.278749,2.490661,PN
Aonyx_capensis,Oreotragus_oreotragus,4.278749,4.11394,PN
Aonyx_capensis,Ourebia_ourebi,4.278749,4.236789,PN
Aonyx_capensis,Pelea_capreolus,4.278749,4.30103,PN
Aonyx_capensis,Raphicerus_campestris,4.278749,4.021189,PN
Aonyx_capensis,Sylvicapra_grimmia,4.278749,4.29003,PN
Atelerix_frontalis,Aethomys_ineptus,2.490661,1.874482,PN
Atelerix_frontalis,Aethomys_namaquensis,2.490661,1.704151,PN
Atelerix_frontalis,Dasymys_incomtus,2.490661,1.955207,PN
Atelerix_frontalis,Desmodillus_auricularis,2.490661,1.726727,PN
Atelerix_frontalis,Gerbilliscus_brantsii,2.490661,2.058426,PN
Atelerix_frontalis,Gerbilliscus_leucogaster,2.490661,1.862131,PN
Atelerix_frontalis,Lemniscomys_rosalia,2.490661,1.733999,PN
Atelerix_frontalis,Mastomys_coucha,2.490661,1.491362,PN
Atelerix_frontalis,Otomys_angoniensis,2.490661,2.086004,PN
Atelerix_frontalis,Otomys_irroratus,2.490661,2.071882,PN
Atelerix_frontalis,Rhabdomys_pumilio,2.490661,1.613842,PN
Atelerix_frontalis,Thallomys_paedulcus,2.490661,1.905796,PN
Atelerix_frontalis,Mystromys_albicaudatus,2.490661,1.93902,PN
Atelerix_frontalis,Saccostomus_campestris,2.490661,1.70927,PN
Atelerix_frontalis,Steatomys_krebsii,2.490661,1.31597,PN
Atelerix_frontalis,Steatomys_pratensis,2.490661,1.681241,PN
Atelerix_frontalis,Elephantulus_brachyrhynchus,2.490661,1.676694,PN
Atelerix_frontalis,Elephantulus_myurus,2.490661,1.719331,PN
Atelerix_frontalis,Graphiurus_microtis,2.490661,1.190332,PN
Atelerix_frontalis,Graphiurus_platyops,2.490661,1.663701,PN
Atelerix_frontalis,Cryptomys_hottentotus,2.490661,2.0086,PN
Atilax_paludinosus,Aethomys_ineptus,3.518514,1.874482,PN
Atilax_paludinosus,Aethomys_namaquensis,3.518514,1.704151,PN
Atilax_paludinosus,Dasymys_incomtus,3.518514,1.955207,PN
Atilax_paludinosus,Desmodillus_auricularis,3.518514,1.726727,PN
Atilax_paludinosus,Gerbilliscus_brantsii,3.518514,2.058426,PN
Atilax_paludinosus,Gerbilliscus_leucogaster,3.518514,1.862131,PN
Atilax_paludinosus,Lemniscomys_rosalia,3.518514,1.733999,PN
Atilax_paludinosus,Mastomys_coucha,3.518514,1.491362,PN
Atilax_paludinosus,Otomys_angoniensis,3.518514,2.086004,PN
Atilax_paludinosus,Otomys_irroratus,3.518514,2.071882,PN
Atilax_paludinosus,Rhabdomys_pumilio,3.518514,1.613842,PN
Atilax_paludinosus,Thallomys_paedulcus,3.518514,1.905796,PN
Atilax_paludinosus,Procavia_capensis,3.518514,3.481443,PN
Atilax_paludinosus,Lepus_capensis,3.518514,3.513444,PN
Atilax_paludinosus,Lepus_saxatilis,3.518514,3.373519,PN
Atilax_paludinosus,Lepus_victoriae,3.518514,3.243038,PN
Atilax_paludinosus,Pronolagus_randensis,3.518514,3.368287,PN
Atilax_paludinosus,Mystromys_albicaudatus,3.518514,1.93902,PN
Atilax_paludinosus,Saccostomus_campestris,3.518514,1.70927,PN
Atilax_paludinosus,Steatomys_krebsii,3.518514,1.31597,PN
Atilax_paludinosus,Steatomys_pratensis,3.518514,1.681241,PN
Atilax_paludinosus,Elephantulus_brachyrhynchus,3.518514,1.676694,PN
Atilax_paludinosus,Elephantulus_myurus,3.518514,1.719331,PN
Atilax_paludinosus,Graphiurus_platyops,3.518514,1.663701,PN
Atilax_paludinosus,Cryptomys_hottentotus,3.518514,2.0086,PN
Atilax_paludinosus,Paraxerus_cepapi,3.518514,2.255273,PN
Atilax_paludinosus,Xerus_inauris,3.518514,2.723456,PN
Canis_mesomelas,Raphicerus_campestris,3.929419,4.021189,PN
Canis_mesomelas,Paraxerus_cepapi,3.929419,2.255273,PN
Canis_mesomelas,Xerus_inauris,3.929419,2.723456,PN
Canis_mesomelas,Chrysospalax_villosus,3.929419,2.078819,PN
Canis_mesomelas,Aethomys_ineptus,3.929419,1.874482,PN
Canis_mesomelas,Aethomys_namaquensis,3.929419,1.704151,PN
Canis_mesomelas,Dasymys_incomtus,3.929419,1.955207,PN
Canis_mesomelas,Desmodillus_auricularis,3.929419,1.726727,PN
Canis_mesomelas,Gerbilliscus_brantsii,3.929419,2.058426,PN
Canis_mesomelas,Gerbilliscus_leucogaster,3.929419,1.862131,PN
Canis_mesomelas,Lemniscomys_rosalia,3.929419,1.733999,PN
Canis_mesomelas,Mastomys_coucha,3.929419,1.491362,PN
Canis_mesomelas,Otomys_angoniensis,3.929419,2.086004,PN
Canis_mesomelas,Otomys_irroratus,3.929419,2.071882,PN
Canis_mesomelas,Rhabdomys_pumilio,3.929419,1.613842,PN
Canis_mesomelas,Thallomys_paedulcus,3.929419,1.905796,PN
Canis_mesomelas,Lepus_capensis,3.929419,3.513444,PN
Canis_mesomelas,Lepus_saxatilis,3.929419,3.373519,PN
Canis_mesomelas,Lepus_victoriae,3.929419,3.243038,PN
Canis_mesomelas,Pronolagus_randensis,3.929419,3.368287,PN
Canis_mesomelas,Procavia_capensis,3.929419,3.481443,PN
Canis_mesomelas,Mystromys_albicaudatus,3.929419,1.93902,PN
Canis_mesomelas,Saccostomus_campestris,3.929419,1.70927,PN
Canis_mesomelas,Steatomys_krebsii,3.929419,1.31597,PN
Canis_mesomelas,Steatomys_pratensis,3.929419,1.681241,PN
Canis_mesomelas,Elephantulus_brachyrhynchus,3.929419,1.676694,PN
Canis_mesomelas,Elephantulus_myurus,3.929419,1.719331,PN
Canis_mesomelas,Graphiurus_platyops,3.929419,1.663701,PN
Canis_mesomelas,Cryptomys_hottentotus,3.929419,2.0086,PN
Canis_mesomelas,Atelerix_frontalis,3.929419,2.490661,PN
Canis_mesomelas,Otocyon_megalotis,3.929419,3.618048,PN
Canis_mesomelas,Vulpes_chama,3.929419,3.470557,PN
Canis_mesomelas,Felis_nigripes,3.929419,3.113943,PN
Canis_mesomelas,Felis_silvestris,3.929419,3.740363,PN
Caracal_caracal,Oreotragus_oreotragus,4.1383,4.11394,PN
Caracal_caracal,Ourebia_ourebi,4.1383,4.236789,PN
Caracal_caracal,Raphicerus_campestris,4.1383,4.021189,PN
Caracal_caracal,Pedetes_capensis,4.1383,3.498999,PN
Caracal_caracal,Procavia_capensis,4.1383,3.481443,PN
Caracal_caracal,Aethomys_ineptus,4.1383,1.874482,PN
Caracal_caracal,Aethomys_namaquensis,4.1383,1.704151,PN
Caracal_caracal,Dasymys_incomtus,4.1383,1.955207,PN
Caracal_caracal,Desmodillus_auricularis,4.1383,1.726727,PN
Caracal_caracal,Gerbilliscus_brantsii,4.1383,2.058426,PN
Caracal_caracal,Gerbilliscus_leucogaster,4.1383,1.862131,PN
Caracal_caracal,Lemniscomys_rosalia,4.1383,1.733999,PN
Caracal_caracal,Mastomys_coucha,4.1383,1.491362,PN
Caracal_caracal,Otomys_angoniensis,4.1383,2.086004,PN
Caracal_caracal,Otomys_irroratus,4.1383,2.071882,PN
Caracal_caracal,Rhabdomys_pumilio,4.1383,1.613842,PN
Caracal_caracal,Thallomys_paedulcus,4.1383,1.905796,PN
Caracal_caracal,Lepus_capensis,4.1383,3.513444,PN
Caracal_caracal,Lepus_saxatilis,4.1383,3.373519,PN
Caracal_caracal,Lepus_victoriae,4.1383,3.243038,PN
Caracal_caracal,Pronolagus_randensis,4.1383,3.368287,PN
Caracal_caracal,Proteles_cristata,4.1383,4,PN
Caracal_caracal,Felis_nigripes,4.1383,3.113943,PN
Caracal_caracal,Felis_silvestris,4.1383,3.740363,PN
Caracal_caracal,Leptailurus_serval,4.1383,4.079181,PN
Caracal_caracal,Canis_mesomelas,4.1383,3.929419,PN
Caracal_caracal,Otocyon_megalotis,4.1383,3.618048,PN
Caracal_caracal,Vulpes_chama,4.1383,3.470557,PN
Caracal_caracal,Chlorocebus_pygerythrus,4.1383,3.599337,PN
Caracal_caracal,Mystromys_albicaudatus,4.1383,1.93902,PN
Caracal_caracal,Saccostomus_campestris,4.1383,1.70927,PN
Caracal_caracal,Steatomys_krebsii,4.1383,1.31597,PN
Caracal_caracal,Steatomys_pratensis,4.1383,1.681241,PN
Caracal_caracal,Elephantulus_brachyrhynchus,4.1383,1.676694,PN
Caracal_caracal,Elephantulus_myurus,4.1383,1.719331,PN
Caracal_caracal,Graphiurus_platyops,4.1383,1.663701,PN
Caracal_caracal,Cryptomys_hottentotus,4.1383,2.0086,PN
Caracal_caracal,Hystrix_africaeaustralis,4.1383,4.174234,PN
Caracal_caracal,Galago_moholi,4.1383,2.20412,PN
Caracal_caracal,Paraxerus_cepapi,4.1383,2.255273,PN
Caracal_caracal,Xerus_inauris,4.1383,2.723456,PN
Caracal_caracal,Chrysospalax_villosus,4.1383,2.078819,PN
Caracal_caracal,Hydrictis_maculicollis,4.1383,3.60206,PN
Caracal_caracal,Ictonyx_striatus,4.1383,3.113943,PN
Caracal_caracal,Mellivora_capensis,4.1383,3.929419,PN
Caracal_caracal,Poecilogale_albinucha,4.1383,2.531479,PN
Chlorocebus_pygerythrus,Aethomys_ineptus,3.599337,1.874482,PN
Chlorocebus_pygerythrus,Aethomys_namaquensis,3.599337,1.704151,PN
Chlorocebus_pygerythrus,Dasymys_incomtus,3.599337,1.955207,PN
Chlorocebus_pygerythrus,Desmodillus_auricularis,3.599337,1.726727,PN
Chlorocebus_pygerythrus,Gerbilliscus_brantsii,3.599337,2.058426,PN
Chlorocebus_pygerythrus,Gerbilliscus_leucogaster,3.599337,1.862131,PN
Chlorocebus_pygerythrus,Lemniscomys_rosalia,3.599337,1.733999,PN
Chlorocebus_pygerythrus,Mastomys_coucha,3.599337,1.491362,PN
Chlorocebus_pygerythrus,Otomys_angoniensis,3.599337,2.086004,PN
Chlorocebus_pygerythrus,Otomys_irroratus,3.599337,2.071882,PN
Chlorocebus_pygerythrus,Rhabdomys_pumilio,3.599337,1.613842,PN
Chlorocebus_pygerythrus,Thallomys_paedulcus,3.599337,1.905796,PN
Chlorocebus_pygerythrus,Lepus_capensis,3.599337,3.513444,PN
Chlorocebus_pygerythrus,Lepus_saxatilis,3.599337,3.373519,PN
Chlorocebus_pygerythrus,Lepus_victoriae,3.599337,3.243038,PN
Chlorocebus_pygerythrus,Pronolagus_randensis,3.599337,3.368287,PN
Chlorocebus_pygerythrus,Procavia_capensis,3.599337,3.481443,PN
Chlorocebus_pygerythrus,Mystromys_albicaudatus,3.599337,1.93902,PN
Chlorocebus_pygerythrus,Saccostomus_campestris,3.599337,1.70927,PN
Chlorocebus_pygerythrus,Steatomys_krebsii,3.599337,1.31597,PN
Chlorocebus_pygerythrus,Steatomys_pratensis,3.599337,1.681241,PN
Chlorocebus_pygerythrus,Elephantulus_brachyrhynchus,3.599337,1.676694,PN
Chlorocebus_pygerythrus,Elephantulus_myurus,3.599337,1.719331,PN
Chlorocebus_pygerythrus,Graphiurus_platyops,3.599337,1.663701,PN
Chlorocebus_pygerythrus,Cryptomys_hottentotus,3.599337,2.0086,PN
Civettictis_civetta,Aethomys_ineptus,4.079181,1.874482,PN
Civettictis_civetta,Aethomys_namaquensis,4.079181,1.704151,PN
Civettictis_civetta,Dasymys_incomtus,4.079181,1.955207,PN
Civettictis_civetta,Desmodillus_auricularis,4.079181,1.726727,PN
Civettictis_civetta,Gerbilliscus_brantsii,4.079181,2.058426,PN
Civettictis_civetta,Gerbilliscus_leucogaster,4.079181,1.862131,PN
Civettictis_civetta,Lemniscomys_rosalia,4.079181,1.733999,PN
Civettictis_civetta,Mastomys_coucha,4.079181,1.491362,PN
Civettictis_civetta,Otomys_angoniensis,4.079181,2.086004,PN
Civettictis_civetta,Otomys_irroratus,4.079181,2.071882,PN
Civettictis_civetta,Rhabdomys_pumilio,4.079181,1.613842,PN
Civettictis_civetta,Thallomys_paedulcus,4.079181,1.905796,PN
Civettictis_civetta,Procavia_capensis,4.079181,3.481443,PN
Civettictis_civetta,Lepus_capensis,4.079181,3.513444,PN
Civettictis_civetta,Lepus_saxatilis,4.079181,3.373519,PN
Civettictis_civetta,Lepus_victoriae,4.079181,3.243038,PN
Civettictis_civetta,Pronolagus_randensis,4.079181,3.368287,PN
Civettictis_civetta,Mystromys_albicaudatus,4.079181,1.93902,PN
Civettictis_civetta,Saccostomus_campestris,4.079181,1.70927,PN
Civettictis_civetta,Steatomys_krebsii,4.079181,1.31597,PN
Civettictis_civetta,Steatomys_pratensis,4.079181,1.681241,PN
Civettictis_civetta,Elephantulus_brachyrhynchus,4.079181,1.676694,PN
Civettictis_civetta,Elephantulus_myurus,4.079181,1.719331,PN
Civettictis_civetta,Graphiurus_platyops,4.079181,1.663701,PN
Civettictis_civetta,Cryptomys_hottentotus,4.079181,2.0086,PN
Civettictis_civetta,Atelerix_frontalis,4.079181,2.490661,PN
Crocuta_crocuta,Aepyceros_melampus,4.79934,4.72016,PN
Crocuta_crocuta,Antidorcas_australis,4.79934,4.60206,PN
Crocuta_crocuta,Antidorcas_bondi,4.79934,4.531479,PN
Crocuta_crocuta,Antidorcas_marsupialis,4.79934,4.498311,PN
Crocuta_crocuta,Damaliscus_hypsodon,4.79934,4.799341,PN
Crocuta_crocuta,Oreotragus_oreotragus,4.79934,4.11394,PN
Crocuta_crocuta,Ourebia_ourebi,4.79934,4.236789,PN
Crocuta_crocuta,Pelea_capreolus,4.79934,4.30103,PN
Crocuta_crocuta,Raphicerus_campestris,4.79934,4.021189,PN
Crocuta_crocuta,Redunca_arundinum,4.79934,4.76343,PN
Crocuta_crocuta,Redunca_fulvorufula,4.79934,4.469821,PN
Crocuta_crocuta,Sylvicapra_grimmia,4.79934,4.29003,PN
Crocuta_crocuta,Tragelaphus_scriptus,4.79934,4.63599,PN
Crocuta_crocuta,Aethomys_ineptus,4.79934,1.874482,PN
Crocuta_crocuta,Aethomys_namaquensis,4.79934,1.704151,PN
Crocuta_crocuta,Dasymys_incomtus,4.79934,1.955207,PN
Crocuta_crocuta,Desmodillus_auricularis,4.79934,1.726727,PN
Crocuta_crocuta,Gerbilliscus_brantsii,4.79934,2.058426,PN
Crocuta_crocuta,Gerbilliscus_leucogaster,4.79934,1.862131,PN
Crocuta_crocuta,Lemniscomys_rosalia,4.79934,1.733999,PN
Crocuta_crocuta,Mastomys_coucha,4.79934,1.491362,PN
Crocuta_crocuta,Otomys_angoniensis,4.79934,2.086004,PN
Crocuta_crocuta,Otomys_irroratus,4.79934,2.071882,PN
Crocuta_crocuta,Rhabdomys_pumilio,4.79934,1.613842,PN
Crocuta_crocuta,Thallomys_paedulcus,4.79934,1.905796,PN
Crocuta_crocuta,Procavia_capensis,4.79934,3.481443,PN
Crocuta_crocuta,Lepus_capensis,4.79934,3.513444,PN
Crocuta_crocuta,Lepus_saxatilis,4.79934,3.373519,PN
Crocuta_crocuta,Lepus_victoriae,4.79934,3.243038,PN
Crocuta_crocuta,Pronolagus_randensis,4.79934,3.368287,PN
Crocuta_crocuta,Chlorocebus_pygerythrus,4.79934,3.599337,PN
Crocuta_crocuta,Papio_ursinus,4.79934,4.446212,PN
Crocuta_crocuta,Hystrix_africaeaustralis,4.79934,4.174234,PN
Crocuta_crocuta,Mystromys_albicaudatus,4.79934,1.93902,PN
Crocuta_crocuta,Saccostomus_campestris,4.79934,1.70927,PN
Crocuta_crocuta,Steatomys_pratensis,4.79934,1.681241,PN
Crocuta_crocuta,Elephantulus_brachyrhynchus,4.79934,1.676694,PN
Crocuta_crocuta,Elephantulus_myurus,4.79934,1.719331,PN
Crocuta_crocuta,Graphiurus_platyops,4.79934,1.663701,PN
Crocuta_crocuta,Cryptomys_hottentotus,4.79934,2.0086,PN
Crocuta_crocuta,Galago_moholi,4.79934,2.20412,PN
Crocuta_crocuta,Atelerix_frontalis,4.79934,2.490661,PN
Cynictis_penicillata,Aethomys_ineptus,2.922206,1.874482,PN
Cynictis_penicillata,Aethomys_namaquensis,2.922206,1.704151,PN
Cynictis_penicillata,Dasymys_incomtus,2.922206,1.955207,PN
Cynictis_penicillata,Desmodillus_auricularis,2.922206,1.726727,PN
Cynictis_penicillata,Gerbilliscus_brantsii,2.922206,2.058426,PN
Cynictis_penicillata,Gerbilliscus_leucogaster,2.922206,1.862131,PN
Cynictis_penicillata,Lemniscomys_rosalia,2.922206,1.733999,PN
Cynictis_penicillata,Mastomys_coucha,2.922206,1.491362,PN
Cynictis_penicillata,Otomys_angoniensis,2.922206,2.086004,PN
Cynictis_penicillata,Otomys_irroratus,2.922206,2.071882,PN
Cynictis_penicillata,Rhabdomys_pumilio,2.922206,1.613842,PN
Cynictis_penicillata,Thallomys_paedulcus,2.922206,1.905796,PN
Cynictis_penicillata,Mystromys_albicaudatus,2.922206,1.93902,PN
Cynictis_penicillata,Saccostomus_campestris,2.922206,1.70927,PN
Cynictis_penicillata,Steatomys_krebsii,2.922206,1.31597,PN
Cynictis_penicillata,Steatomys_pratensis,2.922206,1.681241,PN
Cynictis_penicillata,Elephantulus_brachyrhynchus,2.922206,1.676694,PN
Cynictis_penicillata,Elephantulus_myurus,2.922206,1.719331,PN
Cynictis_penicillata,Graphiurus_microtis,2.922206,1.190332,PN
Cynictis_penicillata,Graphiurus_platyops,2.922206,1.663701,PN
Cynictis_penicillata,Cryptomys_hottentotus,2.922206,2.0086,PN
Cynictis_penicillata,Paraxerus_cepapi,2.922206,2.255273,PN
Cynictis_penicillata,Xerus_inauris,2.922206,2.723456,PN
Dasymys_incomtus,Aethomys_ineptus,1.955207,1.874482,PN
Dasymys_incomtus,Aethomys_namaquensis,1.955207,1.704151,PN
Dasymys_incomtus,Desmodillus_auricularis,1.955207,1.726727,PN
Dasymys_incomtus,Gerbilliscus_brantsii,1.955207,2.058426,PN
Dasymys_incomtus,Gerbilliscus_leucogaster,1.955207,1.862131,PN
Dasymys_incomtus,Lemniscomys_rosalia,1.955207,1.733999,PN
Dasymys_incomtus,Mastomys_coucha,1.955207,1.491362,PN
Dasymys_incomtus,Otomys_angoniensis,1.955207,2.086004,PN
Dasymys_incomtus,Otomys_irroratus,1.955207,2.071882,PN
Dasymys_incomtus,Rhabdomys_pumilio,1.955207,1.613842,PN
Dasymys_incomtus,Thallomys_paedulcus,1.955207,1.905796,PN
Dasymys_incomtus,Mystromys_albicaudatus,1.955207,1.93902,PN
Dasymys_incomtus,Saccostomus_campestris,1.955207,1.70927,PN
Dasymys_incomtus,Steatomys_krebsii,1.955207,1.31597,PN
Dasymys_incomtus,Steatomys_pratensis,1.955207,1.681241,PN
Dasymys_incomtus,Elephantulus_brachyrhynchus,1.955207,1.676694,PN
Dasymys_incomtus,Elephantulus_myurus,1.955207,1.719331,PN
Dasymys_incomtus,Graphiurus_microtis,1.955207,1.190332,PN
Dasymys_incomtus,Graphiurus_platyops,1.955207,1.663701,PN
Dasymys_incomtus,Cryptomys_hottentotus,1.955207,2.0086,PN
Desmodillus_auricularis,Aethomys_ineptus,1.726727,1.874482,PN
Desmodillus_auricularis,Aethomys_namaquensis,1.726727,1.704151,PN
Desmodillus_auricularis,Dasymys_incomtus,1.726727,1.955207,PN
Desmodillus_auricularis,Gerbilliscus_brantsii,1.726727,2.058426,PN
Desmodillus_auricularis,Gerbilliscus_leucogaster,1.726727,1.862131,PN
Desmodillus_auricularis,Lemniscomys_rosalia,1.726727,1.733999,PN
Desmodillus_auricularis,Mastomys_coucha,1.726727,1.491362,PN
Desmodillus_auricularis,Otomys_irroratus,1.726727,2.071882,PN
Desmodillus_auricularis,Rhabdomys_pumilio,1.726727,1.613842,PN
Desmodillus_auricularis,Thallomys_paedulcus,1.726727,1.905796,PN
Desmodillus_auricularis,Mystromys_albicaudatus,1.726727,1.93902,PN
Desmodillus_auricularis,Saccostomus_campestris,1.726727,1.70927,PN
Desmodillus_auricularis,Steatomys_krebsii,1.726727,1.31597,PN
Desmodillus_auricularis,Steatomys_pratensis,1.726727,1.681241,PN
Desmodillus_auricularis,Elephantulus_brachyrhynchus,1.726727,1.676694,PN
Desmodillus_auricularis,Elephantulus_myurus,1.726727,1.719331,PN
Desmodillus_auricularis,Graphiurus_microtis,1.726727,1.190332,PN
Desmodillus_auricularis,Graphiurus_platyops,1.726727,1.663701,PN
Desmodillus_auricularis,Cryptomys_hottentotus,1.726727,2.0086,PN
Felis_nigripes,Aethomys_ineptus,3.113943,1.874482,PN
Felis_nigripes,Aethomys_namaquensis,3.113943,1.704151,PN
Felis_nigripes,Dasymys_incomtus,3.113943,1.955207,PN
Felis_nigripes,Desmodillus_auricularis,3.113943,1.726727,PN
Felis_nigripes,Gerbilliscus_brantsii,3.113943,2.058426,PN
Felis_nigripes,Gerbilliscus_leucogaster,3.113943,1.862131,PN
Felis_nigripes,Lemniscomys_rosalia,3.113943,1.733999,PN
Felis_nigripes,Mastomys_coucha,3.113943,1.491362,PN
Felis_nigripes,Otomys_angoniensis,3.113943,2.086004,PN
Felis_nigripes,Otomys_irroratus,3.113943,2.071882,PN
Felis_nigripes,Rhabdomys_pumilio,3.113943,1.613842,PN
Felis_nigripes,Thallomys_paedulcus,3.113943,1.905796,PN
Felis_nigripes,Lepus_victoriae,3.113943,3.243038,PN
Felis_nigripes,Mystromys_albicaudatus,3.113943,1.93902,PN
Felis_nigripes,Saccostomus_campestris,3.113943,1.70927,PN
Felis_nigripes,Steatomys_krebsii,3.113943,1.31597,PN
Felis_nigripes,Steatomys_pratensis,3.113943,1.681241,PN
Felis_nigripes,Elephantulus_brachyrhynchus,3.113943,1.676694,PN
Felis_nigripes,Elephantulus_myurus,3.113943,1.719331,PN
Felis_nigripes,Graphiurus_microtis,3.113943,1.190332,PN
Felis_nigripes,Graphiurus_platyops,3.113943,1.663701,PN
Felis_nigripes,Cryptomys_hottentotus,3.113943,2.0086,PN
Felis_nigripes,Galago_moholi,3.113943,2.20412,PN
Felis_nigripes,Paraxerus_cepapi,3.113943,2.255273,PN
Felis_nigripes,Xerus_inauris,3.113943,2.723456,PN
Felis_nigripes,Chrysospalax_villosus,3.113943,2.078819,PN
Felis_nigripes,Crocidura_hirta,3.113943,1.198657,PN
Felis_nigripes,Ictonyx_striatus,3.113943,3.113943,PN
Felis_nigripes,Poecilogale_albinucha,3.113943,2.531479,PN
Felis_silvestris,Pedetes_capensis,3.740363,3.498999,PN
Felis_silvestris,Procavia_capensis,3.740363,3.481443,PN
Felis_silvestris,Aethomys_ineptus,3.740363,1.874482,PN
Felis_silvestris,Aethomys_namaquensis,3.740363,1.704151,PN
Felis_silvestris,Dasymys_incomtus,3.740363,1.955207,PN
Felis_silvestris,Desmodillus_auricularis,3.740363,1.726727,PN
Felis_silvestris,Gerbilliscus_brantsii,3.740363,2.058426,PN
Felis_silvestris,Gerbilliscus_leucogaster,3.740363,1.862131,PN
Felis_silvestris,Lemniscomys_rosalia,3.740363,1.733999,PN
Felis_silvestris,Mastomys_coucha,3.740363,1.491362,PN
Felis_silvestris,Otomys_angoniensis,3.740363,2.086004,PN
Felis_silvestris,Otomys_irroratus,3.740363,2.071882,PN
Felis_silvestris,Rhabdomys_pumilio,3.740363,1.613842,PN
Felis_silvestris,Thallomys_paedulcus,3.740363,1.905796,PN
Felis_silvestris,Lepus_capensis,3.740363,3.513444,PN
Felis_silvestris,Lepus_saxatilis,3.740363,3.373519,PN
Felis_silvestris,Lepus_victoriae,3.740363,3.243038,PN
Felis_silvestris,Pronolagus_randensis,3.740363,3.368287,PN
Felis_silvestris,Felis_nigripes,3.740363,3.113943,PN
Felis_silvestris,Otocyon_megalotis,3.740363,3.618048,PN
Felis_silvestris,Vulpes_chama,3.740363,3.470557,PN
Felis_silvestris,Chlorocebus_pygerythrus,3.740363,3.599337,PN
Felis_silvestris,Mystromys_albicaudatus,3.740363,1.93902,PN
Felis_silvestris,Saccostomus_campestris,3.740363,1.70927,PN
Felis_silvestris,Steatomys_krebsii,3.740363,1.31597,PN
Felis_silvestris,Steatomys_pratensis,3.740363,1.681241,PN
Felis_silvestris,Elephantulus_brachyrhynchus,3.740363,1.676694,PN
Felis_silvestris,Elephantulus_myurus,3.740363,1.719331,PN
Felis_silvestris,Graphiurus_platyops,3.740363,1.663701,PN
Felis_silvestris,Cryptomys_hottentotus,3.740363,2.0086,PN
Felis_silvestris,Galago_moholi,3.740363,2.20412,PN
Felis_silvestris,Paraxerus_cepapi,3.740363,2.255273,PN
Felis_silvestris,Xerus_inauris,3.740363,2.723456,PN
Felis_silvestris,Chrysospalax_villosus,3.740363,2.078819,PN
Felis_silvestris,Hydrictis_maculicollis,3.740363,3.60206,PN
Felis_silvestris,Ictonyx_striatus,3.740363,3.113943,PN
Felis_silvestris,Poecilogale_albinucha,3.740363,2.531479,PN
Galago_moholi,Aethomys_ineptus,2.20412,1.874482,PN
Galago_moholi,Aethomys_namaquensis,2.20412,1.704151,PN
Galago_moholi,Dasymys_incomtus,2.20412,1.955207,PN
Galago_moholi,Desmodillus_auricularis,2.20412,1.726727,PN
Galago_moholi,Gerbilliscus_brantsii,2.20412,2.058426,PN
Galago_moholi,Gerbilliscus_leucogaster,2.20412,1.862131,PN
Galago_moholi,Lemniscomys_rosalia,2.20412,1.733999,PN
Galago_moholi,Mastomys_coucha,2.20412,1.491362,PN
Galago_moholi,Otomys_angoniensis,2.20412,2.086004,PN
Galago_moholi,Otomys_irroratus,2.20412,2.071882,PN
Galago_moholi,Rhabdomys_pumilio,2.20412,1.613842,PN
Galago_moholi,Thallomys_paedulcus,2.20412,1.905796,PN
Galago_moholi,Mystromys_albicaudatus,2.20412,1.93902,PN
Galago_moholi,Saccostomus_campestris,2.20412,1.70927,PN
Galago_moholi,Steatomys_krebsii,2.20412,1.31597,PN
Galago_moholi,Steatomys_pratensis,2.20412,1.681241,PN
Galago_moholi,Elephantulus_brachyrhynchus,2.20412,1.676694,PN
Galago_moholi,Elephantulus_myurus,2.20412,1.719331,PN
Galago_moholi,Graphiurus_microtis,2.20412,1.190332,PN
Galago_moholi,Graphiurus_platyops,2.20412,1.663701,PN
Galago_moholi,Cryptomys_hottentotus,2.20412,2.0086,PN
Genetta_genetta,Aethomys_ineptus,3.255273,1.874482,PN
Genetta_genetta,Aethomys_namaquensis,3.255273,1.704151,PN
Genetta_genetta,Dasymys_incomtus,3.255273,1.955207,PN
Genetta_genetta,Desmodillus_auricularis,3.255273,1.726727,PN
Genetta_genetta,Gerbilliscus_brantsii,3.255273,2.058426,PN
Genetta_genetta,Gerbilliscus_leucogaster,3.255273,1.862131,PN
Genetta_genetta,Lemniscomys_rosalia,3.255273,1.733999,PN
Genetta_genetta,Mastomys_coucha,3.255273,1.491362,PN
Genetta_genetta,Otomys_angoniensis,3.255273,2.086004,PN
Genetta_genetta,Otomys_irroratus,3.255273,2.071882,PN
Genetta_genetta,Rhabdomys_pumilio,3.255273,1.613842,PN
Genetta_genetta,Thallomys_paedulcus,3.255273,1.905796,PN
Genetta_genetta,Lepus_saxatilis,3.255273,3.373519,PN
Genetta_genetta,Lepus_victoriae,3.255273,3.243038,PN
Genetta_genetta,Pronolagus_randensis,3.255273,3.368287,PN
Genetta_genetta,Mystromys_albicaudatus,3.255273,1.93902,PN
Genetta_genetta,Saccostomus_campestris,3.255273,1.70927,PN
Genetta_genetta,Steatomys_krebsii,3.255273,1.31597,PN
Genetta_genetta,Steatomys_pratensis,3.255273,1.681241,PN
Genetta_genetta,Elephantulus_brachyrhynchus,3.255273,1.676694,PN
Genetta_genetta,Elephantulus_myurus,3.255273,1.719331,PN
Genetta_genetta,Graphiurus_platyops,3.255273,1.663701,PN
Genetta_genetta,Cryptomys_hottentotus,3.255273,2.0086,PN
Genetta_genetta,Atelerix_frontalis,3.255273,2.490661,PN
Gerbilliscus_brantsii,Aethomys_ineptus,2.058426,1.874482,PN
Gerbilliscus_brantsii,Aethomys_namaquensis,2.058426,1.704151,PN
Gerbilliscus_brantsii,Dasymys_incomtus,2.058426,1.955207,PN
Gerbilliscus_brantsii,Desmodillus_auricularis,2.058426,1.726727,PN
Gerbilliscus_brantsii,Gerbilliscus_leucogaster,2.058426,1.862131,PN
Gerbilliscus_brantsii,Lemniscomys_rosalia,2.058426,1.733999,PN
Gerbilliscus_brantsii,Mastomys_coucha,2.058426,1.491362,PN
Gerbilliscus_brantsii,Otomys_angoniensis,2.058426,2.086004,PN
Gerbilliscus_brantsii,Otomys_irroratus,2.058426,2.071882,PN
Gerbilliscus_brantsii,Rhabdomys_pumilio,2.058426,1.613842,PN
Gerbilliscus_brantsii,Thallomys_paedulcus,2.058426,1.905796,PN
Gerbilliscus_brantsii,Mystromys_albicaudatus,2.058426,1.93902,PN
Gerbilliscus_brantsii,Saccostomus_campestris,2.058426,1.70927,PN
Gerbilliscus_brantsii,Steatomys_krebsii,2.058426,1.31597,PN
Gerbilliscus_brantsii,Steatomys_pratensis,2.058426,1.681241,PN
Gerbilliscus_brantsii,Elephantulus_brachyrhynchus,2.058426,1.676694,PN
Gerbilliscus_brantsii,Elephantulus_myurus,2.058426,1.719331,PN
Gerbilliscus_brantsii,Graphiurus_microtis,2.058426,1.190332,PN
Gerbilliscus_brantsii,Graphiurus_platyops,2.058426,1.663701,PN
Gerbilliscus_brantsii,Cryptomys_hottentotus,2.058426,2.0086,PN
Gerbilliscus_leucogaster,Aethomys_ineptus,1.862131,1.874482,PN
Gerbilliscus_leucogaster,Aethomys_namaquensis,1.862131,1.704151,PN
Gerbilliscus_leucogaster,Dasymys_incomtus,1.862131,1.955207,PN
Gerbilliscus_leucogaster,Desmodillus_auricularis,1.862131,1.726727,PN
Gerbilliscus_leucogaster,Gerbilliscus_brantsii,1.862131,2.058426,PN
Gerbilliscus_leucogaster,Lemniscomys_rosalia,1.862131,1.733999,PN
Gerbilliscus_leucogaster,Mastomys_coucha,1.862131,1.491362,PN
Gerbilliscus_leucogaster,Otomys_angoniensis,1.862131,2.086004,PN
Gerbilliscus_leucogaster,Otomys_irroratus,1.862131,2.071882,PN
Gerbilliscus_leucogaster,Rhabdomys_pumilio,1.862131,1.613842,PN
Gerbilliscus_leucogaster,Thallomys_paedulcus,1.862131,1.905796,PN
Gerbilliscus_leucogaster,Mystromys_albicaudatus,1.862131,1.93902,PN
Gerbilliscus_leucogaster,Saccostomus_campestris,1.862131,1.70927,PN
Gerbilliscus_leucogaster,Steatomys_krebsii,1.862131,1.31597,PN
Gerbilliscus_leucogaster,Steatomys_pratensis,1.862131,1.681241,PN
Gerbilliscus_leucogaster,Elephantulus_brachyrhynchus,1.862131,1.676694,PN
Gerbilliscus_leucogaster,Elephantulus_myurus,1.862131,1.719331,PN
Gerbilliscus_leucogaster,Graphiurus_microtis,1.862131,1.190332,PN
Gerbilliscus_leucogaster,Graphiurus_platyops,1.862131,1.663701,PN
Gerbilliscus_leucogaster,Cryptomys_hottentotus,1.862131,2.0086,PN
Helogale_parvula,Aethomys_ineptus,2.477121,1.874482,PN
Helogale_parvula,Aethomys_namaquensis,2.477121,1.704151,PN
Helogale_parvula,Dasymys_incomtus,2.477121,1.955207,PN
Helogale_parvula,Desmodillus_auricularis,2.477121,1.726727,PN
Helogale_parvula,Gerbilliscus_brantsii,2.477121,2.058426,PN
Helogale_parvula,Gerbilliscus_leucogaster,2.477121,1.862131,PN
Helogale_parvula,Lemniscomys_rosalia,2.477121,1.733999,PN
Helogale_parvula,Mastomys_coucha,2.477121,1.491362,PN
Helogale_parvula,Otomys_angoniensis,2.477121,2.086004,PN
Helogale_parvula,Otomys_irroratus,2.477121,2.071882,PN
Helogale_parvula,Rhabdomys_pumilio,2.477121,1.613842,PN
Helogale_parvula,Thallomys_paedulcus,2.477121,1.905796,PN
Helogale_parvula,Mystromys_albicaudatus,2.477121,1.93902,PN
Helogale_parvula,Saccostomus_campestris,2.477121,1.70927,PN
Helogale_parvula,Steatomys_krebsii,2.477121,1.31597,PN
Helogale_parvula,Steatomys_pratensis,2.477121,1.681241,PN
Helogale_parvula,Elephantulus_brachyrhynchus,2.477121,1.676694,PN
Helogale_parvula,Elephantulus_myurus,2.477121,1.719331,PN
Helogale_parvula,Graphiurus_microtis,2.477121,1.190332,PN
Helogale_parvula,Graphiurus_platyops,2.477121,1.663701,PN
Helogale_parvula,Cryptomys_hottentotus,2.477121,2.0086,PN
Helogale_parvula,Paraxerus_cepapi,2.477121,2.255273,PN
Helogale_parvula,Xerus_inauris,2.477121,2.723456,PN
Herpestes_sanguineus,Aethomys_ineptus,2.740363,1.874482,PN
Herpestes_sanguineus,Aethomys_namaquensis,2.740363,1.704151,PN
Herpestes_sanguineus,Dasymys_incomtus,2.740363,1.955207,PN
Herpestes_sanguineus,Desmodillus_auricularis,2.740363,1.726727,PN
Herpestes_sanguineus,Gerbilliscus_brantsii,2.740363,2.058426,PN
Herpestes_sanguineus,Gerbilliscus_leucogaster,2.740363,1.862131,PN
Herpestes_sanguineus,Lemniscomys_rosalia,2.740363,1.733999,PN
Herpestes_sanguineus,Mastomys_coucha,2.740363,1.491362,PN
Herpestes_sanguineus,Otomys_angoniensis,2.740363,2.086004,PN
Herpestes_sanguineus,Otomys_irroratus,2.740363,2.071882,PN
Herpestes_sanguineus,Rhabdomys_pumilio,2.740363,1.613842,PN
Herpestes_sanguineus,Thallomys_paedulcus,2.740363,1.905796,PN
Herpestes_sanguineus,Mystromys_albicaudatus,2.740363,1.93902,PN
Herpestes_sanguineus,Saccostomus_campestris,2.740363,1.70927,PN
Herpestes_sanguineus,Steatomys_krebsii,2.740363,1.31597,PN
Herpestes_sanguineus,Steatomys_pratensis,2.740363,1.681241,PN
Herpestes_sanguineus,Elephantulus_brachyrhynchus,2.740363,1.676694,PN
Herpestes_sanguineus,Elephantulus_myurus,2.740363,1.719331,PN
Herpestes_sanguineus,Graphiurus_microtis,2.740363,1.190332,PN
Herpestes_sanguineus,Graphiurus_platyops,2.740363,1.663701,PN
Herpestes_sanguineus,Cryptomys_hottentotus,2.740363,2.0086,PN
Herpestes_sanguineus,Paraxerus_cepapi,2.740363,2.255273,PN
Herpestes_sanguineus,Xerus_inauris,2.740363,2.723456,PN
Hydrictis_maculicollis,Paraxerus_cepapi,3.60206,2.255273,PN
Hydrictis_maculicollis,Xerus_inauris,3.60206,2.723456,PN
Hydrictis_maculicollis,Aethomys_ineptus,3.60206,1.874482,PN
Hydrictis_maculicollis,Aethomys_namaquensis,3.60206,1.704151,PN
Hydrictis_maculicollis,Dasymys_incomtus,3.60206,1.955207,PN
Hydrictis_maculicollis,Desmodillus_auricularis,3.60206,1.726727,PN
Hydrictis_maculicollis,Gerbilliscus_brantsii,3.60206,2.058426,PN
Hydrictis_maculicollis,Gerbilliscus_leucogaster,3.60206,1.862131,PN
Hydrictis_maculicollis,Lemniscomys_rosalia,3.60206,1.733999,PN
Hydrictis_maculicollis,Mastomys_coucha,3.60206,1.491362,PN
Hydrictis_maculicollis,Otomys_angoniensis,3.60206,2.086004,PN
Hydrictis_maculicollis,Otomys_irroratus,3.60206,2.071882,PN
Hydrictis_maculicollis,Rhabdomys_pumilio,3.60206,1.613842,PN
Hydrictis_maculicollis,Thallomys_paedulcus,3.60206,1.905796,PN
Hydrictis_maculicollis,Procavia_capensis,3.60206,3.481443,PN
Hydrictis_maculicollis,Mystromys_albicaudatus,3.60206,1.93902,PN
Hydrictis_maculicollis,Saccostomus_campestris,3.60206,1.70927,PN
Hydrictis_maculicollis,Steatomys_krebsii,3.60206,1.31597,PN
Hydrictis_maculicollis,Steatomys_pratensis,3.60206,1.681241,PN
Hydrictis_maculicollis,Elephantulus_brachyrhynchus,3.60206,1.676694,PN
Hydrictis_maculicollis,Elephantulus_myurus,3.60206,1.719331,PN
Hydrictis_maculicollis,Graphiurus_platyops,3.60206,1.663701,PN
Hydrictis_maculicollis,Cryptomys_hottentotus,3.60206,2.0086,PN
Hydrictis_maculicollis,Lepus_capensis,3.60206,3.513444,PN
Hydrictis_maculicollis,Lepus_saxatilis,3.60206,3.373519,PN
Hydrictis_maculicollis,Lepus_victoriae,3.60206,3.243038,PN
Hydrictis_maculicollis,Pronolagus_randensis,3.60206,3.368287,PN
Hydrictis_maculicollis,Atelerix_frontalis,3.60206,2.490661,PN
Ichneumia_albicauda,Aethomys_ineptus,3.544068,1.874482,PN
Ichneumia_albicauda,Aethomys_namaquensis,3.544068,1.704151,PN
Ichneumia_albicauda,Dasymys_incomtus,3.544068,1.955207,PN
Ichneumia_albicauda,Desmodillus_auricularis,3.544068,1.726727,PN
Ichneumia_albicauda,Gerbilliscus_brantsii,3.544068,2.058426,PN
Ichneumia_albicauda,Gerbilliscus_leucogaster,3.544068,1.862131,PN
Ichneumia_albicauda,Lemniscomys_rosalia,3.544068,1.733999,PN
Ichneumia_albicauda,Mastomys_coucha,3.544068,1.491362,PN
Ichneumia_albicauda,Otomys_angoniensis,3.544068,2.086004,PN
Ichneumia_albicauda,Otomys_irroratus,3.544068,2.071882,PN
Ichneumia_albicauda,Rhabdomys_pumilio,3.544068,1.613842,PN
Ichneumia_albicauda,Thallomys_paedulcus,3.544068,1.905796,PN
Ichneumia_albicauda,Procavia_capensis,3.544068,3.481443,PN
Ichneumia_albicauda,Lepus_capensis,3.544068,3.513444,PN
Ichneumia_albicauda,Lepus_saxatilis,3.544068,3.373519,PN
Ichneumia_albicauda,Lepus_victoriae,3.544068,3.243038,PN
Ichneumia_albicauda,Pronolagus_randensis,3.544068,3.368287,PN
Ichneumia_albicauda,Mystromys_albicaudatus,3.544068,1.93902,PN
Ichneumia_albicauda,Saccostomus_campestris,3.544068,1.70927,PN
Ichneumia_albicauda,Steatomys_krebsii,3.544068,1.31597,PN
Ichneumia_albicauda,Steatomys_pratensis,3.544068,1.681241,PN
Ichneumia_albicauda,Elephantulus_brachyrhynchus,3.544068,1.676694,PN
Ichneumia_albicauda,Elephantulus_myurus,3.544068,1.719331,PN
Ichneumia_albicauda,Graphiurus_platyops,3.544068,1.663701,PN
Ichneumia_albicauda,Cryptomys_hottentotus,3.544068,2.0086,PN
Ichneumia_albicauda,Paraxerus_cepapi,3.544068,2.255273,PN
Ichneumia_albicauda,Xerus_inauris,3.544068,2.723456,PN
Ictonyx_striatus,Paraxerus_cepapi,3.113943,2.255273,PN
Ictonyx_striatus,Xerus_inauris,3.113943,2.723456,PN
Ictonyx_striatus,Aethomys_ineptus,3.113943,1.874482,PN
Ictonyx_striatus,Aethomys_namaquensis,3.113943,1.704151,PN
Ictonyx_striatus,Dasymys_incomtus,3.113943,1.955207,PN
Ictonyx_striatus,Desmodillus_auricularis,3.113943,1.726727,PN
Ictonyx_striatus,Gerbilliscus_brantsii,3.113943,2.058426,PN
Ictonyx_striatus,Gerbilliscus_leucogaster,3.113943,1.862131,PN
Ictonyx_striatus,Lemniscomys_rosalia,3.113943,1.733999,PN
Ictonyx_striatus,Mastomys_coucha,3.113943,1.491362,PN
Ictonyx_striatus,Otomys_angoniensis,3.113943,2.086004,PN
Ictonyx_striatus,Otomys_irroratus,3.113943,2.071882,PN
Ictonyx_striatus,Rhabdomys_pumilio,3.113943,1.613842,PN
Ictonyx_striatus,Thallomys_paedulcus,3.113943,1.905796,PN
Ictonyx_striatus,Mystromys_albicaudatus,3.113943,1.93902,PN
Ictonyx_striatus,Saccostomus_campestris,3.113943,1.70927,PN
Ictonyx_striatus,Steatomys_krebsii,3.113943,1.31597,PN
Ictonyx_striatus,Steatomys_pratensis,3.113943,1.681241,PN
Ictonyx_striatus,Elephantulus_brachyrhynchus,3.113943,1.676694,PN
Ictonyx_striatus,Elephantulus_myurus,3.113943,1.719331,PN
Ictonyx_striatus,Graphiurus_microtis,3.113943,1.190332,PN
Ictonyx_striatus,Graphiurus_platyops,3.113943,1.663701,PN
Ictonyx_striatus,Cryptomys_hottentotus,3.113943,2.0086,PN
Ictonyx_striatus,Lepus_victoriae,3.113943,3.243038,PN
Ictonyx_striatus,Atelerix_frontalis,3.113943,2.490661,PN
Kolpochoerus_majus,Aethomys_ineptus,5.422494,1.874482,PN
Kolpochoerus_majus,Aethomys_namaquensis,5.422494,1.704151,PN
Kolpochoerus_majus,Dasymys_incomtus,5.422494,1.955207,PN
Kolpochoerus_majus,Desmodillus_auricularis,5.422494,1.726727,PN
Kolpochoerus_majus,Gerbilliscus_brantsii,5.422494,2.058426,PN
Kolpochoerus_majus,Gerbilliscus_leucogaster,5.422494,1.862131,PN
Kolpochoerus_majus,Lemniscomys_rosalia,5.422494,1.733999,PN
Kolpochoerus_majus,Mastomys_coucha,5.422494,1.491362,PN
Kolpochoerus_majus,Otomys_angoniensis,5.422494,2.086004,PN
Kolpochoerus_majus,Otomys_irroratus,5.422494,2.071882,PN
Kolpochoerus_majus,Rhabdomys_pumilio,5.422494,1.613842,PN
Kolpochoerus_majus,Thallomys_paedulcus,5.422494,1.905796,PN
Kolpochoerus_majus,Procavia_capensis,5.422494,3.481443,PN
Kolpochoerus_majus,Mystromys_albicaudatus,5.422494,1.93902,PN
Kolpochoerus_majus,Saccostomus_campestris,5.422494,1.70927,PN
Kolpochoerus_majus,Steatomys_pratensis,5.422494,1.681241,PN
Kolpochoerus_majus,Elephantulus_brachyrhynchus,5.422494,1.676694,PN
Kolpochoerus_majus,Elephantulus_myurus,5.422494,1.719331,PN
Kolpochoerus_majus,Graphiurus_platyops,5.422494,1.663701,PN
Kolpochoerus_majus,Cryptomys_hottentotus,5.422494,2.0086,PN
Kolpochoerus_majus,Lepus_capensis,5.422494,3.513444,PN
Kolpochoerus_majus,Lepus_saxatilis,5.422494,3.373519,PN
Kolpochoerus_majus,Lepus_victoriae,5.422494,3.243038,PN
Kolpochoerus_majus,Pronolagus_randensis,5.422494,3.368287,PN
Lemniscomys_rosalia,Aethomys_ineptus,1.733999,1.874482,PN
Lemniscomys_rosalia,Aethomys_namaquensis,1.733999,1.704151,PN
Lemniscomys_rosalia,Dasymys_incomtus,1.733999,1.955207,PN
Lemniscomys_rosalia,Desmodillus_auricularis,1.733999,1.726727,PN
Lemniscomys_rosalia,Gerbilliscus_brantsii,1.733999,2.058426,PN
Lemniscomys_rosalia,Gerbilliscus_leucogaster,1.733999,1.862131,PN
Lemniscomys_rosalia,Mastomys_coucha,1.733999,1.491362,PN
Lemniscomys_rosalia,Otomys_irroratus,1.733999,2.071882,PN
Lemniscomys_rosalia,Rhabdomys_pumilio,1.733999,1.613842,PN
Lemniscomys_rosalia,Thallomys_paedulcus,1.733999,1.905796,PN
Lemniscomys_rosalia,Mystromys_albicaudatus,1.733999,1.93902,PN
Lemniscomys_rosalia,Saccostomus_campestris,1.733999,1.70927,PN
Lemniscomys_rosalia,Steatomys_krebsii,1.733999,1.31597,PN
Lemniscomys_rosalia,Steatomys_pratensis,1.733999,1.681241,PN
Lemniscomys_rosalia,Elephantulus_brachyrhynchus,1.733999,1.676694,PN
Lemniscomys_rosalia,Elephantulus_myurus,1.733999,1.719331,PN
Lemniscomys_rosalia,Graphiurus_microtis,1.733999,1.190332,PN
Lemniscomys_rosalia,Graphiurus_platyops,1.733999,1.663701,PN
Lemniscomys_rosalia,Cryptomys_hottentotus,1.733999,2.0086,PN
Leptailurus_serval,Oreotragus_oreotragus,4.079181,4.11394,PN
Leptailurus_serval,Raphicerus_campestris,4.079181,4.021189,PN
Leptailurus_serval,Pedetes_capensis,4.079181,3.498999,PN
Leptailurus_serval,Procavia_capensis,4.079181,3.481443,PN
Leptailurus_serval,Aethomys_ineptus,4.079181,1.874482,PN
Leptailurus_serval,Aethomys_namaquensis,4.079181,1.704151,PN
Leptailurus_serval,Dasymys_incomtus,4.079181,1.955207,PN
Leptailurus_serval,Desmodillus_auricularis,4.079181,1.726727,PN
Leptailurus_serval,Gerbilliscus_brantsii,4.079181,2.058426,PN
Leptailurus_serval,Gerbilliscus_leucogaster,4.079181,1.862131,PN
Leptailurus_serval,Lemniscomys_rosalia,4.079181,1.733999,PN
Leptailurus_serval,Mastomys_coucha,4.079181,1.491362,PN
Leptailurus_serval,Otomys_angoniensis,4.079181,2.086004,PN
Leptailurus_serval,Otomys_irroratus,4.079181,2.071882,PN
Leptailurus_serval,Rhabdomys_pumilio,4.079181,1.613842,PN
Leptailurus_serval,Thallomys_paedulcus,4.079181,1.905796,PN
Leptailurus_serval,Lepus_capensis,4.079181,3.513444,PN
Leptailurus_serval,Lepus_saxatilis,4.079181,3.373519,PN
Leptailurus_serval,Lepus_victoriae,4.079181,3.243038,PN
Leptailurus_serval,Pronolagus_randensis,4.079181,3.368287,PN
Leptailurus_serval,Proteles_cristata,4.079181,4,PN
Leptailurus_serval,Caracal_caracal,4.079181,4.1383,PN
Leptailurus_serval,Felis_nigripes,4.079181,3.113943,PN
Leptailurus_serval,Felis_silvestris,4.079181,3.740363,PN
Leptailurus_serval,Canis_mesomelas,4.079181,3.929419,PN
Leptailurus_serval,Otocyon_megalotis,4.079181,3.618048,PN
Leptailurus_serval,Vulpes_chama,4.079181,3.470557,PN
Leptailurus_serval,Chlorocebus_pygerythrus,4.079181,3.599337,PN
Leptailurus_serval,Mystromys_albicaudatus,4.079181,1.93902,PN
Leptailurus_serval,Saccostomus_campestris,4.079181,1.70927,PN
Leptailurus_serval,Steatomys_krebsii,4.079181,1.31597,PN
Leptailurus_serval,Steatomys_pratensis,4.079181,1.681241,PN
Leptailurus_serval,Elephantulus_brachyrhynchus,4.079181,1.676694,PN
Leptailurus_serval,Elephantulus_myurus,4.079181,1.719331,PN
Leptailurus_serval,Graphiurus_platyops,4.079181,1.663701,PN
Leptailurus_serval,Cryptomys_hottentotus,4.079181,2.0086,PN
Leptailurus_serval,Hystrix_africaeaustralis,4.079181,4.174234,PN
Leptailurus_serval,Galago_moholi,4.079181,2.20412,PN
Leptailurus_serval,Paraxerus_cepapi,4.079181,2.255273,PN
Leptailurus_serval,Xerus_inauris,4.079181,2.723456,PN
Leptailurus_serval,Chrysospalax_villosus,4.079181,2.078819,PN
Leptailurus_serval,Hydrictis_maculicollis,4.079181,3.60206,PN
Leptailurus_serval,Ictonyx_striatus,4.079181,3.113943,PN
Leptailurus_serval,Mellivora_capensis,4.079181,3.929419,PN
Leptailurus_serval,Poecilogale_albinucha,4.079181,2.531479,PN
Lycaon_pictus,Oreotragus_oreotragus,4.343411,4.11394,PN
Lycaon_pictus,Ourebia_ourebi,4.343411,4.236789,PN
Lycaon_pictus,Pelea_capreolus,4.343411,4.30103,PN
Lycaon_pictus,Raphicerus_campestris,4.343411,4.021189,PN
Lycaon_pictus,Sylvicapra_grimmia,4.343411,4.29003,PN
Lycaon_pictus,Paraxerus_cepapi,4.343411,2.255273,PN
Lycaon_pictus,Xerus_inauris,4.343411,2.723456,PN
Lycaon_pictus,Chrysospalax_villosus,4.343411,2.078819,PN
Lycaon_pictus,Aethomys_ineptus,4.343411,1.874482,PN
Lycaon_pictus,Aethomys_namaquensis,4.343411,1.704151,PN
Lycaon_pictus,Dasymys_incomtus,4.343411,1.955207,PN
Lycaon_pictus,Desmodillus_auricularis,4.343411,1.726727,PN
Lycaon_pictus,Gerbilliscus_brantsii,4.343411,2.058426,PN
Lycaon_pictus,Gerbilliscus_leucogaster,4.343411,1.862131,PN
Lycaon_pictus,Lemniscomys_rosalia,4.343411,1.733999,PN
Lycaon_pictus,Mastomys_coucha,4.343411,1.491362,PN
Lycaon_pictus,Otomys_angoniensis,4.343411,2.086004,PN
Lycaon_pictus,Otomys_irroratus,4.343411,2.071882,PN
Lycaon_pictus,Rhabdomys_pumilio,4.343411,1.613842,PN
Lycaon_pictus,Thallomys_paedulcus,4.343411,1.905796,PN
Lycaon_pictus,Lepus_capensis,4.343411,3.513444,PN
Lycaon_pictus,Lepus_saxatilis,4.343411,3.373519,PN
Lycaon_pictus,Lepus_victoriae,4.343411,3.243038,PN
Lycaon_pictus,Pronolagus_randensis,4.343411,3.368287,PN
Lycaon_pictus,Procavia_capensis,4.343411,3.481443,PN
Lycaon_pictus,Mystromys_albicaudatus,4.343411,1.93902,PN
Lycaon_pictus,Saccostomus_campestris,4.343411,1.70927,PN
Lycaon_pictus,Steatomys_krebsii,4.343411,1.31597,PN
Lycaon_pictus,Steatomys_pratensis,4.343411,1.681241,PN
Lycaon_pictus,Elephantulus_brachyrhynchus,4.343411,1.676694,PN
Lycaon_pictus,Elephantulus_myurus,4.343411,1.719331,PN
Lycaon_pictus,Graphiurus_platyops,4.343411,1.663701,PN
Lycaon_pictus,Cryptomys_hottentotus,4.343411,2.0086,PN
Lycaon_pictus,Atelerix_frontalis,4.343411,2.490661,PN
Lycaon_pictus,Hystrix_africaeaustralis,4.343411,4.174234,PN
Lycaon_pictus,Canis_mesomelas,4.343411,3.929419,PN
Lycaon_pictus,Otocyon_megalotis,4.343411,3.618048,PN
Lycaon_pictus,Vulpes_chama,4.343411,3.470557,PN
Lycaon_pictus,Caracal_caracal,4.343411,4.1383,PN
Lycaon_pictus,Felis_nigripes,4.343411,3.113943,PN
Lycaon_pictus,Felis_silvestris,4.343411,3.740363,PN
Lycaon_pictus,Leptailurus_serval,4.343411,4.079181,PN
Mastomys_coucha,Aethomys_namaquensis,1.491362,1.704151,PN
Mastomys_coucha,Desmodillus_auricularis,1.491362,1.726727,PN
Mastomys_coucha,Gerbilliscus_leucogaster,1.491362,1.862131,PN
Mastomys_coucha,Lemniscomys_rosalia,1.491362,1.733999,PN
Mastomys_coucha,Rhabdomys_pumilio,1.491362,1.613842,PN
Mastomys_coucha,Saccostomus_campestris,1.491362,1.70927,PN
Mastomys_coucha,Steatomys_krebsii,1.491362,1.31597,PN
Mastomys_coucha,Steatomys_pratensis,1.491362,1.681241,PN
Mastomys_coucha,Elephantulus_brachyrhynchus,1.491362,1.676694,PN
Mastomys_coucha,Elephantulus_myurus,1.491362,1.719331,PN
Mastomys_coucha,Graphiurus_microtis,1.491362,1.190332,PN
Mastomys_coucha,Graphiurus_platyops,1.491362,1.663701,PN
Mellivora_capensis,Paraxerus_cepapi,3.929419,2.255273,PN
Mellivora_capensis,Xerus_inauris,3.929419,2.723456,PN
Mellivora_capensis,Aethomys_ineptus,3.929419,1.874482,PN
Mellivora_capensis,Aethomys_namaquensis,3.929419,1.704151,PN
Mellivora_capensis,Dasymys_incomtus,3.929419,1.955207,PN
Mellivora_capensis,Desmodillus_auricularis,3.929419,1.726727,PN
Mellivora_capensis,Gerbilliscus_brantsii,3.929419,2.058426,PN
Mellivora_capensis,Gerbilliscus_leucogaster,3.929419,1.862131,PN
Mellivora_capensis,Lemniscomys_rosalia,3.929419,1.733999,PN
Mellivora_capensis,Mastomys_coucha,3.929419,1.491362,PN
Mellivora_capensis,Otomys_angoniensis,3.929419,2.086004,PN
Mellivora_capensis,Otomys_irroratus,3.929419,2.071882,PN
Mellivora_capensis,Rhabdomys_pumilio,3.929419,1.613842,PN
Mellivora_capensis,Thallomys_paedulcus,3.929419,1.905796,PN
Mellivora_capensis,Procavia_capensis,3.929419,3.481443,PN
Mellivora_capensis,Mystromys_albicaudatus,3.929419,1.93902,PN
Mellivora_capensis,Saccostomus_campestris,3.929419,1.70927,PN
Mellivora_capensis,Steatomys_krebsii,3.929419,1.31597,PN
Mellivora_capensis,Steatomys_pratensis,3.929419,1.681241,PN
Mellivora_capensis,Elephantulus_brachyrhynchus,3.929419,1.676694,PN
Mellivora_capensis,Elephantulus_myurus,3.929419,1.719331,PN
Mellivora_capensis,Graphiurus_platyops,3.929419,1.663701,PN
Mellivora_capensis,Cryptomys_hottentotus,3.929419,2.0086,PN
Mellivora_capensis,Lepus_capensis,3.929419,3.513444,PN
Mellivora_capensis,Lepus_saxatilis,3.929419,3.373519,PN
Mellivora_capensis,Lepus_victoriae,3.929419,3.243038,PN
Mellivora_capensis,Pronolagus_randensis,3.929419,3.368287,PN
Mellivora_capensis,Atelerix_frontalis,3.929419,2.490661,PN
Mellivora_capensis,Raphicerus_campestris,3.929419,4.021189,PN
Metridiochoerus_compactus,Aethomys_ineptus,5.152288,1.874482,PN
Metridiochoerus_compactus,Aethomys_namaquensis,5.152288,1.704151,PN
Metridiochoerus_compactus,Dasymys_incomtus,5.152288,1.955207,PN
Metridiochoerus_compactus,Desmodillus_auricularis,5.152288,1.726727,PN
Metridiochoerus_compactus,Gerbilliscus_brantsii,5.152288,2.058426,PN
Metridiochoerus_compactus,Gerbilliscus_leucogaster,5.152288,1.862131,PN
Metridiochoerus_compactus,Lemniscomys_rosalia,5.152288,1.733999,PN
Metridiochoerus_compactus,Mastomys_coucha,5.152288,1.491362,PN
Metridiochoerus_compactus,Otomys_angoniensis,5.152288,2.086004,PN
Metridiochoerus_compactus,Otomys_irroratus,5.152288,2.071882,PN
Metridiochoerus_compactus,Rhabdomys_pumilio,5.152288,1.613842,PN
Metridiochoerus_compactus,Thallomys_paedulcus,5.152288,1.905796,PN
Metridiochoerus_compactus,Procavia_capensis,5.152288,3.481443,PN
Metridiochoerus_compactus,Mystromys_albicaudatus,5.152288,1.93902,PN
Metridiochoerus_compactus,Saccostomus_campestris,5.152288,1.70927,PN
Metridiochoerus_compactus,Steatomys_pratensis,5.152288,1.681241,PN
Metridiochoerus_compactus,Elephantulus_brachyrhynchus,5.152288,1.676694,PN
Metridiochoerus_compactus,Elephantulus_myurus,5.152288,1.719331,PN
Metridiochoerus_compactus,Graphiurus_platyops,5.152288,1.663701,PN
Metridiochoerus_compactus,Cryptomys_hottentotus,5.152288,2.0086,PN
Metridiochoerus_compactus,Lepus_capensis,5.152288,3.513444,PN
Metridiochoerus_compactus,Lepus_saxatilis,5.152288,3.373519,PN
Metridiochoerus_compactus,Lepus_victoriae,5.152288,3.243038,PN
Metridiochoerus_compactus,Pronolagus_randensis,5.152288,3.368287,PN
Mungos_mungo,Aethomys_ineptus,3.284431,1.874482,PN
Mungos_mungo,Aethomys_namaquensis,3.284431,1.704151,PN
Mungos_mungo,Dasymys_incomtus,3.284431,1.955207,PN
Mungos_mungo,Desmodillus_auricularis,3.284431,1.726727,PN
Mungos_mungo,Gerbilliscus_brantsii,3.284431,2.058426,PN
Mungos_mungo,Gerbilliscus_leucogaster,3.284431,1.862131,PN
Mungos_mungo,Lemniscomys_rosalia,3.284431,1.733999,PN
Mungos_mungo,Mastomys_coucha,3.284431,1.491362,PN
Mungos_mungo,Otomys_angoniensis,3.284431,2.086004,PN
Mungos_mungo,Otomys_irroratus,3.284431,2.071882,PN
Mungos_mungo,Rhabdomys_pumilio,3.284431,1.613842,PN
Mungos_mungo,Thallomys_paedulcus,3.284431,1.905796,PN
Mungos_mungo,Procavia_capensis,3.284431,3.481443,PN
Mungos_mungo,Lepus_saxatilis,3.284431,3.373519,PN
Mungos_mungo,Lepus_victoriae,3.284431,3.243038,PN
Mungos_mungo,Pronolagus_randensis,3.284431,3.368287,PN
Mungos_mungo,Mystromys_albicaudatus,3.284431,1.93902,PN
Mungos_mungo,Saccostomus_campestris,3.284431,1.70927,PN
Mungos_mungo,Steatomys_krebsii,3.284431,1.31597,PN
Mungos_mungo,Steatomys_pratensis,3.284431,1.681241,PN
Mungos_mungo,Elephantulus_brachyrhynchus,3.284431,1.676694,PN
Mungos_mungo,Elephantulus_myurus,3.284431,1.719331,PN
Mungos_mungo,Graphiurus_platyops,3.284431,1.663701,PN
Mungos_mungo,Cryptomys_hottentotus,3.284431,2.0086,PN
Mungos_mungo,Paraxerus_cepapi,3.284431,2.255273,PN
Mungos_mungo,Xerus_inauris,3.284431,2.723456,PN
Mus_indutus,Graphiurus_microtis,0.792392,1.190332,PN
Otocyon_megalotis,Paraxerus_cepapi,3.618048,2.255273,PN
Otocyon_megalotis,Xerus_inauris,3.618048,2.723456,PN
Otocyon_megalotis,Chrysospalax_villosus,3.618048,2.078819,PN
Otocyon_megalotis,Aethomys_ineptus,3.618048,1.874482,PN
Otocyon_megalotis,Aethomys_namaquensis,3.618048,1.704151,PN
Otocyon_megalotis,Dasymys_incomtus,3.618048,1.955207,PN
Otocyon_megalotis,Desmodillus_auricularis,3.618048,1.726727,PN
Otocyon_megalotis,Gerbilliscus_brantsii,3.618048,2.058426,PN
Otocyon_megalotis,Gerbilliscus_leucogaster,3.618048,1.862131,PN
Otocyon_megalotis,Lemniscomys_rosalia,3.618048,1.733999,PN
Otocyon_megalotis,Mastomys_coucha,3.618048,1.491362,PN
Otocyon_megalotis,Otomys_angoniensis,3.618048,2.086004,PN
Otocyon_megalotis,Otomys_irroratus,3.618048,2.071882,PN
Otocyon_megalotis,Rhabdomys_pumilio,3.618048,1.613842,PN
Otocyon_megalotis,Thallomys_paedulcus,3.618048,1.905796,PN
Otocyon_megalotis,Lepus_capensis,3.618048,3.513444,PN
Otocyon_megalotis,Lepus_saxatilis,3.618048,3.373519,PN
Otocyon_megalotis,Lepus_victoriae,3.618048,3.243038,PN
Otocyon_megalotis,Pronolagus_randensis,3.618048,3.368287,PN
Otocyon_megalotis,Procavia_capensis,3.618048,3.481443,PN
Otocyon_megalotis,Mystromys_albicaudatus,3.618048,1.93902,PN
Otocyon_megalotis,Saccostomus_campestris,3.618048,1.70927,PN
Otocyon_megalotis,Steatomys_krebsii,3.618048,1.31597,PN
Otocyon_megalotis,Steatomys_pratensis,3.618048,1.681241,PN
Otocyon_megalotis,Elephantulus_brachyrhynchus,3.618048,1.676694,PN
Otocyon_megalotis,Elephantulus_myurus,3.618048,1.719331,PN
Otocyon_megalotis,Graphiurus_platyops,3.618048,1.663701,PN
Otocyon_megalotis,Cryptomys_hottentotus,3.618048,2.0086,PN
Otocyon_megalotis,Atelerix_frontalis,3.618048,2.490661,PN
Otocyon_megalotis,Vulpes_chama,3.618048,3.470557,PN
Otocyon_megalotis,Felis_nigripes,3.618048,3.113943,PN
Otocyon_megalotis,Felis_silvestris,3.618048,3.740363,PN
Otomys_angoniensis,Aethomys_ineptus,2.086004,1.874482,PN
Otomys_angoniensis,Aethomys_namaquensis,2.086004,1.704151,PN
Otomys_angoniensis,Dasymys_incomtus,2.086004,1.955207,PN
Otomys_angoniensis,Desmodillus_auricularis,2.086004,1.726727,PN
Otomys_angoniensis,Gerbilliscus_brantsii,2.086004,2.058426,PN
Otomys_angoniensis,Gerbilliscus_leucogaster,2.086004,1.862131,PN
Otomys_angoniensis,Lemniscomys_rosalia,2.086004,1.733999,PN
Otomys_angoniensis,Mastomys_coucha,2.086004,1.491362,PN
Otomys_angoniensis,Otomys_irroratus,2.086004,2.071882,PN
Otomys_angoniensis,Rhabdomys_pumilio,2.086004,1.613842,PN
Otomys_angoniensis,Thallomys_paedulcus,2.086004,1.905796,PN
Otomys_angoniensis,Mystromys_albicaudatus,2.086004,1.93902,PN
Otomys_angoniensis,Saccostomus_campestris,2.086004,1.70927,PN
Otomys_angoniensis,Steatomys_krebsii,2.086004,1.31597,PN
Otomys_angoniensis,Steatomys_pratensis,2.086004,1.681241,PN
Otomys_angoniensis,Elephantulus_brachyrhynchus,2.086004,1.676694,PN
Otomys_angoniensis,Elephantulus_myurus,2.086004,1.719331,PN
Otomys_angoniensis,Graphiurus_microtis,2.086004,1.190332,PN
Otomys_angoniensis,Graphiurus_platyops,2.086004,1.663701,PN
Otomys_angoniensis,Cryptomys_hottentotus,2.086004,2.0086,PN
Otomys_irroratus,Aethomys_ineptus,2.071882,1.874482,PN
Otomys_irroratus,Aethomys_namaquensis,2.071882,1.704151,PN
Otomys_irroratus,Dasymys_incomtus,2.071882,1.955207,PN
Otomys_irroratus,Desmodillus_auricularis,2.071882,1.726727,PN
Otomys_irroratus,Gerbilliscus_brantsii,2.071882,2.058426,PN
Otomys_irroratus,Gerbilliscus_leucogaster,2.071882,1.862131,PN
Otomys_irroratus,Lemniscomys_rosalia,2.071882,1.733999,PN
Otomys_irroratus,Mastomys_coucha,2.071882,1.491362,PN
Otomys_irroratus,Otomys_angoniensis,2.071882,2.086004,PN
Otomys_irroratus,Rhabdomys_pumilio,2.071882,1.613842,PN
Otomys_irroratus,Thallomys_paedulcus,2.071882,1.905796,PN
Otomys_irroratus,Mystromys_albicaudatus,2.071882,1.93902,PN
Otomys_irroratus,Saccostomus_campestris,2.071882,1.70927,PN
Otomys_irroratus,Steatomys_krebsii,2.071882,1.31597,PN
Otomys_irroratus,Steatomys_pratensis,2.071882,1.681241,PN
Otomys_irroratus,Elephantulus_brachyrhynchus,2.071882,1.676694,PN
Otomys_irroratus,Elephantulus_myurus,2.071882,1.719331,PN
Otomys_irroratus,Graphiurus_microtis,2.071882,1.190332,PN
Otomys_irroratus,Graphiurus_platyops,2.071882,1.663701,PN
Otomys_irroratus,Cryptomys_hottentotus,2.071882,2.0086,PN
Panthera_leo,Aepyceros_melampus,5.20817,4.72016,PN
Panthera_leo,Antidorcas_australis,5.20817,4.60206,PN
Panthera_leo,Antidorcas_bondi,5.20817,4.531479,PN
Panthera_leo,Antidorcas_marsupialis,5.20817,4.498311,PN
Panthera_leo,Damaliscus_hypsodon,5.20817,4.799341,PN
Panthera_leo,Damaliscus_lunatus,5.20817,5.13354,PN
Panthera_leo,Damaliscus_niro,5.20817,5.176091,PN
Panthera_leo,Damaliscus_pygargus,5.20817,5.0086,PN
Panthera_leo,Oreotragus_oreotragus,5.20817,4.11394,PN
Panthera_leo,Oryx_gazella,5.20817,5.22789,PN
Panthera_leo,Ourebia_ourebi,5.20817,4.236789,PN
Panthera_leo,Pelea_capreolus,5.20817,4.30103,PN
Panthera_leo,Raphicerus_campestris,5.20817,4.021189,PN
Panthera_leo,Redunca_arundinum,5.20817,4.76343,PN
Panthera_leo,Redunca_fulvorufula,5.20817,4.469821,PN
Panthera_leo,Rusingoryx_atopocranion,5.20817,5.176091,PN
Panthera_leo,Sylvicapra_grimmia,5.20817,4.29003,PN
Panthera_leo,Tragelaphus_scriptus,5.20817,4.63599,PN
Panthera_leo,Metridiochoerus_compactus,5.20817,5.152288,PN
Panthera_leo,Phacochoerus_africanus,5.20817,4.916454,PN
Panthera_leo,Pedetes_capensis,5.20817,3.498999,PN
Panthera_leo,Procavia_capensis,5.20817,3.481443,PN
Panthera_leo,Aethomys_ineptus,5.20817,1.874482,PN
Panthera_leo,Aethomys_namaquensis,5.20817,1.704151,PN
Panthera_leo,Dasymys_incomtus,5.20817,1.955207,PN
Panthera_leo,Desmodillus_auricularis,5.20817,1.726727,PN
Panthera_leo,Gerbilliscus_brantsii,5.20817,2.058426,PN
Panthera_leo,Gerbilliscus_leucogaster,5.20817,1.862131,PN
Panthera_leo,Lemniscomys_rosalia,5.20817,1.733999,PN
Panthera_leo,Mastomys_coucha,5.20817,1.491362,PN
Panthera_leo,Otomys_angoniensis,5.20817,2.086004,PN
Panthera_leo,Otomys_irroratus,5.20817,2.071882,PN
Panthera_leo,Rhabdomys_pumilio,5.20817,1.613842,PN
Panthera_leo,Thallomys_paedulcus,5.20817,1.905796,PN
Panthera_leo,Lepus_capensis,5.20817,3.513444,PN
Panthera_leo,Lepus_saxatilis,5.20817,3.373519,PN
Panthera_leo,Lepus_victoriae,5.20817,3.243038,PN
Panthera_leo,Pronolagus_randensis,5.20817,3.368287,PN
Panthera_leo,Crocuta_crocuta,5.20817,4.79934,PN
Panthera_leo,Parahyaena_brunnea,5.20817,4.50786,PN
Panthera_leo,Proteles_cristata,5.20817,4,PN
Panthera_leo,Acinonyx_jubatus,5.20817,4.669317,PN
Panthera_leo,Caracal_caracal,5.20817,4.1383,PN
Panthera_leo,Felis_nigripes,5.20817,3.113943,PN
Panthera_leo,Felis_silvestris,5.20817,3.740363,PN
Panthera_leo,Leptailurus_serval,5.20817,4.079181,PN
Panthera_leo,Panthera_pardus,5.20817,4.74036,PN
Panthera_leo,Canis_mesomelas,5.20817,3.929419,PN
Panthera_leo,Lycaon_pictus,5.20817,4.343411,PN
Panthera_leo,Otocyon_megalotis,5.20817,3.618048,PN
Panthera_leo,Vulpes_chama,5.20817,3.470557,PN
Panthera_leo,Chlorocebus_pygerythrus,5.20817,3.599337,PN
Panthera_leo,Papio_ursinus,5.20817,4.446212,PN
Panthera_leo,Mystromys_albicaudatus,5.20817,1.93902,PN
Panthera_leo,Saccostomus_campestris,5.20817,1.70927,PN
Panthera_leo,Steatomys_pratensis,5.20817,1.681241,PN
Panthera_leo,Elephantulus_brachyrhynchus,5.20817,1.676694,PN
Panthera_leo,Elephantulus_myurus,5.20817,1.719331,PN
Panthera_leo,Graphiurus_platyops,5.20817,1.663701,PN
Panthera_leo,Cryptomys_hottentotus,5.20817,2.0086,PN
Panthera_leo,Hystrix_africaeaustralis,5.20817,4.174234,PN
Panthera_leo,Orycteropus_afer,5.20817,4.71892,PN
Panthera_leo,Galago_moholi,5.20817,2.20412,PN
Panthera_leo,Paraxerus_cepapi,5.20817,2.255273,PN
Panthera_leo,Xerus_inauris,5.20817,2.723456,PN
Panthera_leo,Chrysospalax_villosus,5.20817,2.078819,PN
Panthera_leo,Aonyx_capensis,5.20817,4.278749,PN
Panthera_leo,Hydrictis_maculicollis,5.20817,3.60206,PN
Panthera_leo,Ictonyx_striatus,5.20817,3.113943,PN
Panthera_leo,Mellivora_capensis,5.20817,3.929419,PN
Panthera_leo,Poecilogale_albinucha,5.20817,2.531479,PN
Panthera_pardus,Aepyceros_melampus,4.74036,4.72016,PN
Panthera_pardus,Antidorcas_australis,4.74036,4.60206,PN
Panthera_pardus,Antidorcas_bondi,4.74036,4.531479,PN
Panthera_pardus,Antidorcas_marsupialis,4.74036,4.498311,PN
Panthera_pardus,Damaliscus_hypsodon,4.74036,4.799341,PN
Panthera_pardus,Oreotragus_oreotragus,4.74036,4.11394,PN
Panthera_pardus,Ourebia_ourebi,4.74036,4.236789,PN
Panthera_pardus,Pelea_capreolus,4.74036,4.30103,PN
Panthera_pardus,Raphicerus_campestris,4.74036,4.021189,PN
Panthera_pardus,Redunca_arundinum,4.74036,4.76343,PN
Panthera_pardus,Redunca_fulvorufula,4.74036,4.469821,PN
Panthera_pardus,Sylvicapra_grimmia,4.74036,4.29003,PN
Panthera_pardus,Tragelaphus_scriptus,4.74036,4.63599,PN
Panthera_pardus,Pedetes_capensis,4.74036,3.498999,PN
Panthera_pardus,Procavia_capensis,4.74036,3.481443,PN
Panthera_pardus,Aethomys_ineptus,4.74036,1.874482,PN
Panthera_pardus,Aethomys_namaquensis,4.74036,1.704151,PN
Panthera_pardus,Dasymys_incomtus,4.74036,1.955207,PN
Panthera_pardus,Desmodillus_auricularis,4.74036,1.726727,PN
Panthera_pardus,Gerbilliscus_brantsii,4.74036,2.058426,PN
Panthera_pardus,Gerbilliscus_leucogaster,4.74036,1.862131,PN
Panthera_pardus,Lemniscomys_rosalia,4.74036,1.733999,PN
Panthera_pardus,Mastomys_coucha,4.74036,1.491362,PN
Panthera_pardus,Otomys_angoniensis,4.74036,2.086004,PN
Panthera_pardus,Otomys_irroratus,4.74036,2.071882,PN
Panthera_pardus,Rhabdomys_pumilio,4.74036,1.613842,PN
Panthera_pardus,Thallomys_paedulcus,4.74036,1.905796,PN
Panthera_pardus,Lepus_capensis,4.74036,3.513444,PN
Panthera_pardus,Lepus_saxatilis,4.74036,3.373519,PN
Panthera_pardus,Lepus_victoriae,4.74036,3.243038,PN
Panthera_pardus,Pronolagus_randensis,4.74036,3.368287,PN
Panthera_pardus,Crocuta_crocuta,4.74036,4.79934,PN
Panthera_pardus,Parahyaena_brunnea,4.74036,4.50786,PN
Panthera_pardus,Proteles_cristata,4.74036,4,PN
Panthera_pardus,Acinonyx_jubatus,4.74036,4.669317,PN
Panthera_pardus,Caracal_caracal,4.74036,4.1383,PN
Panthera_pardus,Felis_nigripes,4.74036,3.113943,PN
Panthera_pardus,Felis_silvestris,4.74036,3.740363,PN
Panthera_pardus,Leptailurus_serval,4.74036,4.079181,PN
Panthera_pardus,Canis_mesomelas,4.74036,3.929419,PN
Panthera_pardus,Lycaon_pictus,4.74036,4.343411,PN
Panthera_pardus,Otocyon_megalotis,4.74036,3.618048,PN
Panthera_pardus,Vulpes_chama,4.74036,3.470557,PN
Panthera_pardus,Chlorocebus_pygerythrus,4.74036,3.599337,PN
Panthera_pardus,Papio_ursinus,4.74036,4.446212,PN
Panthera_pardus,Mystromys_albicaudatus,4.74036,1.93902,PN
Panthera_pardus,Saccostomus_campestris,4.74036,1.70927,PN
Panthera_pardus,Steatomys_pratensis,4.74036,1.681241,PN
Panthera_pardus,Elephantulus_brachyrhynchus,4.74036,1.676694,PN
Panthera_pardus,Elephantulus_myurus,4.74036,1.719331,PN
Panthera_pardus,Graphiurus_platyops,4.74036,1.663701,PN
Panthera_pardus,Cryptomys_hottentotus,4.74036,2.0086,PN
Panthera_pardus,Hystrix_africaeaustralis,4.74036,4.174234,PN
Panthera_pardus,Orycteropus_afer,4.74036,4.71892,PN
Panthera_pardus,Galago_moholi,4.74036,2.20412,PN
Panthera_pardus,Paraxerus_cepapi,4.74036,2.255273,PN
Panthera_pardus,Xerus_inauris,4.74036,2.723456,PN
Panthera_pardus,Chrysospalax_villosus,4.74036,2.078819,PN
Panthera_pardus,Aonyx_capensis,4.74036,4.278749,PN
Panthera_pardus,Hydrictis_maculicollis,4.74036,3.60206,PN
Panthera_pardus,Ictonyx_striatus,4.74036,3.113943,PN
Panthera_pardus,Mellivora_capensis,4.74036,3.929419,PN
Panthera_pardus,Poecilogale_albinucha,4.74036,2.531479,PN
Papio_ursinus,Antidorcas_bondi,4.446212,4.531479,PN
Papio_ursinus,Antidorcas_marsupialis,4.446212,4.498311,PN
Papio_ursinus,Oreotragus_oreotragus,4.446212,4.11394,PN
Papio_ursinus,Ourebia_ourebi,4.446212,4.236789,PN
Papio_ursinus,Pelea_capreolus,4.446212,4.30103,PN
Papio_ursinus,Raphicerus_campestris,4.446212,4.021189,PN
Papio_ursinus,Redunca_fulvorufula,4.446212,4.469821,PN
Papio_ursinus,Sylvicapra_grimmia,4.446212,4.29003,PN
Papio_ursinus,Aethomys_ineptus,4.446212,1.874482,PN
Papio_ursinus,Aethomys_namaquensis,4.446212,1.704151,PN
Papio_ursinus,Dasymys_incomtus,4.446212,1.955207,PN
Papio_ursinus,Desmodillus_auricularis,4.446212,1.726727,PN
Papio_ursinus,Gerbilliscus_brantsii,4.446212,2.058426,PN
Papio_ursinus,Gerbilliscus_leucogaster,4.446212,1.862131,PN
Papio_ursinus,Lemniscomys_rosalia,4.446212,1.733999,PN
Papio_ursinus,Mastomys_coucha,4.446212,1.491362,PN
Papio_ursinus,Otomys_angoniensis,4.446212,2.086004,PN
Papio_ursinus,Otomys_irroratus,4.446212,2.071882,PN
Papio_ursinus,Rhabdomys_pumilio,4.446212,1.613842,PN
Papio_ursinus,Thallomys_paedulcus,4.446212,1.905796,PN
Papio_ursinus,Lepus_capensis,4.446212,3.513444,PN
Papio_ursinus,Lepus_saxatilis,4.446212,3.373519,PN
Papio_ursinus,Lepus_victoriae,4.446212,3.243038,PN
Papio_ursinus,Pronolagus_randensis,4.446212,3.368287,PN
Papio_ursinus,Procavia_capensis,4.446212,3.481443,PN
Papio_ursinus,Mystromys_albicaudatus,4.446212,1.93902,PN
Papio_ursinus,Saccostomus_campestris,4.446212,1.70927,PN
Papio_ursinus,Steatomys_krebsii,4.446212,1.31597,PN
Papio_ursinus,Steatomys_pratensis,4.446212,1.681241,PN
Papio_ursinus,Elephantulus_brachyrhynchus,4.446212,1.676694,PN
Papio_ursinus,Elephantulus_myurus,4.446212,1.719331,PN
Papio_ursinus,Graphiurus_platyops,4.446212,1.663701,PN
Papio_ursinus,Cryptomys_hottentotus,4.446212,2.0086,PN
Parahyaena_brunnea,Antidorcas_bondi,4.50786,4.531479,PN
Parahyaena_brunnea,Antidorcas_marsupialis,4.50786,4.498311,PN
Parahyaena_brunnea,Oreotragus_oreotragus,4.50786,4.11394,PN
Parahyaena_brunnea,Ourebia_ourebi,4.50786,4.236789,PN
Parahyaena_brunnea,Pelea_capreolus,4.50786,4.30103,PN
Parahyaena_brunnea,Raphicerus_campestris,4.50786,4.021189,PN
Parahyaena_brunnea,Redunca_fulvorufula,4.50786,4.469821,PN
Parahyaena_brunnea,Sylvicapra_grimmia,4.50786,4.29003,PN
Parahyaena_brunnea,Aethomys_ineptus,4.50786,1.874482,PN
Parahyaena_brunnea,Aethomys_namaquensis,4.50786,1.704151,PN
Parahyaena_brunnea,Dasymys_incomtus,4.50786,1.955207,PN
Parahyaena_brunnea,Desmodillus_auricularis,4.50786,1.726727,PN
Parahyaena_brunnea,Gerbilliscus_brantsii,4.50786,2.058426,PN
Parahyaena_brunnea,Gerbilliscus_leucogaster,4.50786,1.862131,PN
Parahyaena_brunnea,Lemniscomys_rosalia,4.50786,1.733999,PN
Parahyaena_brunnea,Mastomys_coucha,4.50786,1.491362,PN
Parahyaena_brunnea,Otomys_angoniensis,4.50786,2.086004,PN
Parahyaena_brunnea,Otomys_irroratus,4.50786,2.071882,PN
Parahyaena_brunnea,Rhabdomys_pumilio,4.50786,1.613842,PN
Parahyaena_brunnea,Thallomys_paedulcus,4.50786,1.905796,PN
Parahyaena_brunnea,Procavia_capensis,4.50786,3.481443,PN
Parahyaena_brunnea,Lepus_capensis,4.50786,3.513444,PN
Parahyaena_brunnea,Lepus_saxatilis,4.50786,3.373519,PN
Parahyaena_brunnea,Lepus_victoriae,4.50786,3.243038,PN
Parahyaena_brunnea,Pronolagus_randensis,4.50786,3.368287,PN
Parahyaena_brunnea,Chlorocebus_pygerythrus,4.50786,3.599337,PN
Parahyaena_brunnea,Papio_ursinus,4.50786,4.446212,PN
Parahyaena_brunnea,Hystrix_africaeaustralis,4.50786,4.174234,PN
Parahyaena_brunnea,Mystromys_albicaudatus,4.50786,1.93902,PN
Parahyaena_brunnea,Saccostomus_campestris,4.50786,1.70927,PN
Parahyaena_brunnea,Steatomys_krebsii,4.50786,1.31597,PN
Parahyaena_brunnea,Steatomys_pratensis,4.50786,1.681241,PN
Parahyaena_brunnea,Elephantulus_brachyrhynchus,4.50786,1.676694,PN
Parahyaena_brunnea,Elephantulus_myurus,4.50786,1.719331,PN
Parahyaena_brunnea,Graphiurus_platyops,4.50786,1.663701,PN
Parahyaena_brunnea,Cryptomys_hottentotus,4.50786,2.0086,PN
Parahyaena_brunnea,Galago_moholi,4.50786,2.20412,PN
Parahyaena_brunnea,Atelerix_frontalis,4.50786,2.490661,PN
Phacochoerus_africanus,Aethomys_ineptus,4.916454,1.874482,PN
Phacochoerus_africanus,Aethomys_namaquensis,4.916454,1.704151,PN
Phacochoerus_africanus,Dasymys_incomtus,4.916454,1.955207,PN
Phacochoerus_africanus,Desmodillus_auricularis,4.916454,1.726727,PN
Phacochoerus_africanus,Gerbilliscus_brantsii,4.916454,2.058426,PN
Phacochoerus_africanus,Gerbilliscus_leucogaster,4.916454,1.862131,PN
Phacochoerus_africanus,Lemniscomys_rosalia,4.916454,1.733999,PN
Phacochoerus_africanus,Mastomys_coucha,4.916454,1.491362,PN
Phacochoerus_africanus,Otomys_angoniensis,4.916454,2.086004,PN
Phacochoerus_africanus,Otomys_irroratus,4.916454,2.071882,PN
Phacochoerus_africanus,Rhabdomys_pumilio,4.916454,1.613842,PN
Phacochoerus_africanus,Thallomys_paedulcus,4.916454,1.905796,PN
Phacochoerus_africanus,Procavia_capensis,4.916454,3.481443,PN
Phacochoerus_africanus,Mystromys_albicaudatus,4.916454,1.93902,PN
Phacochoerus_africanus,Saccostomus_campestris,4.916454,1.70927,PN
Phacochoerus_africanus,Steatomys_pratensis,4.916454,1.681241,PN
Phacochoerus_africanus,Elephantulus_brachyrhynchus,4.916454,1.676694,PN
Phacochoerus_africanus,Elephantulus_myurus,4.916454,1.719331,PN
Phacochoerus_africanus,Graphiurus_platyops,4.916454,1.663701,PN
Phacochoerus_africanus,Cryptomys_hottentotus,4.916454,2.0086,PN
Phacochoerus_africanus,Lepus_capensis,4.916454,3.513444,PN
Phacochoerus_africanus,Lepus_saxatilis,4.916454,3.373519,PN
Phacochoerus_africanus,Lepus_victoriae,4.916454,3.243038,PN
Phacochoerus_africanus,Pronolagus_randensis,4.916454,3.368287,PN
Poecilogale_albinucha,Paraxerus_cepapi,2.531479,2.255273,PN
Poecilogale_albinucha,Xerus_inauris,2.531479,2.723456,PN
Poecilogale_albinucha,Aethomys_ineptus,2.531479,1.874482,PN
Poecilogale_albinucha,Aethomys_namaquensis,2.531479,1.704151,PN
Poecilogale_albinucha,Dasymys_incomtus,2.531479,1.955207,PN
Poecilogale_albinucha,Desmodillus_auricularis,2.531479,1.726727,PN
Poecilogale_albinucha,Gerbilliscus_brantsii,2.531479,2.058426,PN
Poecilogale_albinucha,Gerbilliscus_leucogaster,2.531479,1.862131,PN
Poecilogale_albinucha,Lemniscomys_rosalia,2.531479,1.733999,PN
Poecilogale_albinucha,Mastomys_coucha,2.531479,1.491362,PN
Poecilogale_albinucha,Otomys_angoniensis,2.531479,2.086004,PN
Poecilogale_albinucha,Otomys_irroratus,2.531479,2.071882,PN
Poecilogale_albinucha,Rhabdomys_pumilio,2.531479,1.613842,PN
Poecilogale_albinucha,Thallomys_paedulcus,2.531479,1.905796,PN
Poecilogale_albinucha,Mystromys_albicaudatus,2.531479,1.93902,PN
Poecilogale_albinucha,Saccostomus_campestris,2.531479,1.70927,PN
Poecilogale_albinucha,Steatomys_krebsii,2.531479,1.31597,PN
Poecilogale_albinucha,Steatomys_pratensis,2.531479,1.681241,PN
Poecilogale_albinucha,Elephantulus_brachyrhynchus,2.531479,1.676694,PN
Poecilogale_albinucha,Elephantulus_myurus,2.531479,1.719331,PN
Poecilogale_albinucha,Graphiurus_microtis,2.531479,1.190332,PN
Poecilogale_albinucha,Graphiurus_platyops,2.531479,1.663701,PN
Poecilogale_albinucha,Cryptomys_hottentotus,2.531479,2.0086,PN
Poecilogale_albinucha,Atelerix_frontalis,2.531479,2.490661,PN
Proteles_cristata,Oreotragus_oreotragus,4,4.11394,PN
Proteles_cristata,Raphicerus_campestris,4,4.021189,PN
Proteles_cristata,Aethomys_ineptus,4,1.874482,PN
Proteles_cristata,Aethomys_namaquensis,4,1.704151,PN
Proteles_cristata,Dasymys_incomtus,4,1.955207,PN
Proteles_cristata,Desmodillus_auricularis,4,1.726727,PN
Proteles_cristata,Gerbilliscus_brantsii,4,2.058426,PN
Proteles_cristata,Gerbilliscus_leucogaster,4,1.862131,PN
Proteles_cristata,Lemniscomys_rosalia,4,1.733999,PN
Proteles_cristata,Mastomys_coucha,4,1.491362,PN
Proteles_cristata,Otomys_angoniensis,4,2.086004,PN
Proteles_cristata,Otomys_irroratus,4,2.071882,PN
Proteles_cristata,Rhabdomys_pumilio,4,1.613842,PN
Proteles_cristata,Thallomys_paedulcus,4,1.905796,PN
Proteles_cristata,Procavia_capensis,4,3.481443,PN
Proteles_cristata,Lepus_capensis,4,3.513444,PN
Proteles_cristata,Lepus_saxatilis,4,3.373519,PN
Proteles_cristata,Lepus_victoriae,4,3.243038,PN
Proteles_cristata,Pronolagus_randensis,4,3.368287,PN
Proteles_cristata,Chlorocebus_pygerythrus,4,3.599337,PN
Proteles_cristata,Mystromys_albicaudatus,4,1.93902,PN
Proteles_cristata,Saccostomus_campestris,4,1.70927,PN
Proteles_cristata,Steatomys_krebsii,4,1.31597,PN
Proteles_cristata,Steatomys_pratensis,4,1.681241,PN
Proteles_cristata,Elephantulus_brachyrhynchus,4,1.676694,PN
Proteles_cristata,Elephantulus_myurus,4,1.719331,PN
Proteles_cristata,Graphiurus_platyops,4,1.663701,PN
Proteles_cristata,Cryptomys_hottentotus,4,2.0086,PN
Proteles_cristata,Galago_moholi,4,2.20412,PN
Proteles_cristata,Atelerix_frontalis,4,2.490661,PN
Rhabdomys_pumilio,Aethomys_ineptus,1.613842,1.874482,PN
Rhabdomys_pumilio,Aethomys_namaquensis,1.613842,1.704151,PN
Rhabdomys_pumilio,Dasymys_incomtus,1.613842,1.955207,PN
Rhabdomys_pumilio,Desmodillus_auricularis,1.613842,1.726727,PN
Rhabdomys_pumilio,Gerbilliscus_leucogaster,1.613842,1.862131,PN
Rhabdomys_pumilio,Lemniscomys_rosalia,1.613842,1.733999,PN
Rhabdomys_pumilio,Mastomys_coucha,1.613842,1.491362,PN
Rhabdomys_pumilio,Thallomys_paedulcus,1.613842,1.905796,PN
Rhabdomys_pumilio,Mystromys_albicaudatus,1.613842,1.93902,PN
Rhabdomys_pumilio,Saccostomus_campestris,1.613842,1.70927,PN
Rhabdomys_pumilio,Steatomys_krebsii,1.613842,1.31597,PN
Rhabdomys_pumilio,Steatomys_pratensis,1.613842,1.681241,PN
Rhabdomys_pumilio,Elephantulus_brachyrhynchus,1.613842,1.676694,PN
Rhabdomys_pumilio,Elephantulus_myurus,1.613842,1.719331,PN
Rhabdomys_pumilio,Graphiurus_microtis,1.613842,1.190332,PN
Rhabdomys_pumilio,Graphiurus_platyops,1.613842,1.663701,PN
Suricata_suricatta,Aethomys_ineptus,2.860637,1.874482,PN
Suricata_suricatta,Aethomys_namaquensis,2.860637,1.704151,PN
Suricata_suricatta,Dasymys_incomtus,2.860637,1.955207,PN
Suricata_suricatta,Desmodillus_auricularis,2.860637,1.726727,PN
Suricata_suricatta,Gerbilliscus_brantsii,2.860637,2.058426,PN
Suricata_suricatta,Gerbilliscus_leucogaster,2.860637,1.862131,PN
Suricata_suricatta,Lemniscomys_rosalia,2.860637,1.733999,PN
Suricata_suricatta,Mastomys_coucha,2.860637,1.491362,PN
Suricata_suricatta,Otomys_angoniensis,2.860637,2.086004,PN
Suricata_suricatta,Otomys_irroratus,2.860637,2.071882,PN
Suricata_suricatta,Rhabdomys_pumilio,2.860637,1.613842,PN
Suricata_suricatta,Thallomys_paedulcus,2.860637,1.905796,PN
Suricata_suricatta,Mystromys_albicaudatus,2.860637,1.93902,PN
Suricata_suricatta,Saccostomus_campestris,2.860637,1.70927,PN
Suricata_suricatta,Steatomys_krebsii,2.860637,1.31597,PN
Suricata_suricatta,Steatomys_pratensis,2.860637,1.681241,PN
Suricata_suricatta,Elephantulus_brachyrhynchus,2.860637,1.676694,PN
Suricata_suricatta,Elephantulus_myurus,2.860637,1.719331,PN
Suricata_suricatta,Graphiurus_microtis,2.860637,1.190332,PN
Suricata_suricatta,Graphiurus_platyops,2.860637,1.663701,PN
Suricata_suricatta,Cryptomys_hottentotus,2.860637,2.0086,PN
Suricata_suricatta,Paraxerus_cepapi,2.860637,2.255273,PN
Suricata_suricatta,Xerus_inauris,2.860637,2.723456,PN
Thallomys_paedulcus,Aethomys_ineptus,1.905796,1.874482,PN
Thallomys_paedulcus,Aethomys_namaquensis,1.905796,1.704151,PN
Thallomys_paedulcus,Dasymys_incomtus,1.905796,1.955207,PN
Thallomys_paedulcus,Desmodillus_auricularis,1.905796,1.726727,PN
Thallomys_paedulcus,Gerbilliscus_brantsii,1.905796,2.058426,PN
Thallomys_paedulcus,Gerbilliscus_leucogaster,1.905796,1.862131,PN
Thallomys_paedulcus,Lemniscomys_rosalia,1.905796,1.733999,PN
Thallomys_paedulcus,Mastomys_coucha,1.905796,1.491362,PN
Thallomys_paedulcus,Otomys_angoniensis,1.905796,2.086004,PN
Thallomys_paedulcus,Otomys_irroratus,1.905796,2.071882,PN
Thallomys_paedulcus,Rhabdomys_pumilio,1.905796,1.613842,PN
Thallomys_paedulcus,Mystromys_albicaudatus,1.905796,1.93902,PN
Thallomys_paedulcus,Saccostomus_campestris,1.905796,1.70927,PN
Thallomys_paedulcus,Steatomys_krebsii,1.905796,1.31597,PN
Thallomys_paedulcus,Steatomys_pratensis,1.905796,1.681241,PN
Thallomys_paedulcus,Elephantulus_brachyrhynchus,1.905796,1.676694,PN
Thallomys_paedulcus,Elephantulus_myurus,1.905796,1.719331,PN
Thallomys_paedulcus,Graphiurus_microtis,1.905796,1.190332,PN
Thallomys_paedulcus,Graphiurus_platyops,1.905796,1.663701,PN
Thallomys_paedulcus,Cryptomys_hottentotus,1.905796,2.0086,PN
Vulpes_chama,Paraxerus_cepapi,3.470557,2.255273,PN
Vulpes_chama,Xerus_inauris,3.470557,2.723456,PN
Vulpes_chama,Chrysospalax_villosus,3.470557,2.078819,PN
Vulpes_chama,Aethomys_ineptus,3.470557,1.874482,PN
Vulpes_chama,Aethomys_namaquensis,3.470557,1.704151,PN
Vulpes_chama,Dasymys_incomtus,3.470557,1.955207,PN
Vulpes_chama,Desmodillus_auricularis,3.470557,1.726727,PN
Vulpes_chama,Gerbilliscus_brantsii,3.470557,2.058426,PN
Vulpes_chama,Gerbilliscus_leucogaster,3.470557,1.862131,PN
Vulpes_chama,Lemniscomys_rosalia,3.470557,1.733999,PN
Vulpes_chama,Mastomys_coucha,3.470557,1.491362,PN
Vulpes_chama,Otomys_angoniensis,3.470557,2.086004,PN
Vulpes_chama,Otomys_irroratus,3.470557,2.071882,PN
Vulpes_chama,Rhabdomys_pumilio,3.470557,1.613842,PN
Vulpes_chama,Thallomys_paedulcus,3.470557,1.905796,PN
Vulpes_chama,Lepus_capensis,3.470557,3.513444,PN
Vulpes_chama,Lepus_saxatilis,3.470557,3.373519,PN
Vulpes_chama,Lepus_victoriae,3.470557,3.243038,PN
Vulpes_chama,Pronolagus_randensis,3.470557,3.368287,PN
Vulpes_chama,Procavia_capensis,3.470557,3.481443,PN
Vulpes_chama,Mystromys_albicaudatus,3.470557,1.93902,PN
Vulpes_chama,Saccostomus_campestris,3.470557,1.70927,PN
Vulpes_chama,Steatomys_krebsii,3.470557,1.31597,PN
Vulpes_chama,Steatomys_pratensis,3.470557,1.681241,PN
Vulpes_chama,Elephantulus_brachyrhynchus,3.470557,1.676694,PN
Vulpes_chama,Elephantulus_myurus,3.470557,1.719331,PN
Vulpes_chama,Graphiurus_platyops,3.470557,1.663701,PN
Vulpes_chama,Cryptomys_hottentotus,3.470557,2.0086,PN
Vulpes_chama,Atelerix_frontalis,3.470557,2.490661,PN
Vulpes_chama,Otocyon_megalotis,3.470557,3.618048,PN
Vulpes_chama,Felis_nigripes,3.470557,3.113943,PN
Acinonyx_jubatus,Aepyceros_melampus,4.669317,4.72016,RW
Acinonyx_jubatus,Antidorcas_marsupialis,4.669317,4.498311,RW
Acinonyx_jubatus,Oreotragus_oreotragus,4.669317,4.11394,RW
Acinonyx_jubatus,Ourebia_ourebi,4.669317,4.236789,RW
Acinonyx_jubatus,Pelea_capreolus,4.669317,4.30103,RW
Acinonyx_jubatus,Raphicerus_campestris,4.669317,4.021189,RW
Acinonyx_jubatus,Redunca_fulvorufula,4.669317,4.469821,RW
Acinonyx_jubatus,Sylvicapra_grimmia,4.669317,4.29003,RW
Acinonyx_jubatus,Tragelaphus_scriptus,4.669317,4.63599,RW
Acinonyx_jubatus,Pedetes_capensis,4.669317,3.498999,RW
Acinonyx_jubatus,Procavia_capensis,4.669317,3.481443,RW
Acinonyx_jubatus,Aethomys_ineptus,4.669317,1.874482,RW
Acinonyx_jubatus,Aethomys_namaquensis,4.669317,1.704151,RW
Acinonyx_jubatus,Dasymys_incomtus,4.669317,1.955207,RW
Acinonyx_jubatus,Desmodillus_auricularis,4.669317,1.726727,RW
Acinonyx_jubatus,Gerbilliscus_brantsii,4.669317,2.058426,RW
Acinonyx_jubatus,Gerbilliscus_leucogaster,4.669317,1.862131,RW
Acinonyx_jubatus,Lemniscomys_rosalia,4.669317,1.733999,RW
Acinonyx_jubatus,Mastomys_coucha,4.669317,1.491362,RW
Acinonyx_jubatus,Otomys_angoniensis,4.669317,2.086004,RW
Acinonyx_jubatus,Otomys_irroratus,4.669317,2.071882,RW
Acinonyx_jubatus,Rhabdomys_pumilio,4.669317,1.613842,RW
Acinonyx_jubatus,Thallomys_paedulcus,4.669317,1.905796,RW
Acinonyx_jubatus,Lepus_capensis,4.669317,3.513444,RW
Acinonyx_jubatus,Lepus_saxatilis,4.669317,3.373519,RW
Acinonyx_jubatus,Lepus_victoriae,4.669317,3.243038,RW
Acinonyx_jubatus,Pronolagus_randensis,4.669317,3.368287,RW
Acinonyx_jubatus,Parahyaena_brunnea,4.669317,4.50786,RW
Acinonyx_jubatus,Proteles_cristata,4.669317,4,RW
Acinonyx_jubatus,Caracal_caracal,4.669317,4.1383,RW
Acinonyx_jubatus,Felis_nigripes,4.669317,3.113943,RW
Acinonyx_jubatus,Felis_silvestris,4.669317,3.740363,RW
Acinonyx_jubatus,Leptailurus_serval,4.669317,4.079181,RW
Acinonyx_jubatus,Panthera_pardus,4.669317,4.74036,RW
Acinonyx_jubatus,Canis_mesomelas,4.669317,3.929419,RW
Acinonyx_jubatus,Lycaon_pictus,4.669317,4.343411,RW
Acinonyx_jubatus,Otocyon_megalotis,4.669317,3.618048,RW
Acinonyx_jubatus,Vulpes_chama,4.669317,3.470557,RW
Acinonyx_jubatus,Chlorocebus_pygerythrus,4.669317,3.599337,RW
Acinonyx_jubatus,Papio_ursinus,4.669317,4.446212,RW
Acinonyx_jubatus,Mystromys_albicaudatus,4.669317,1.93902,RW
Acinonyx_jubatus,Saccostomus_campestris,4.669317,1.70927,RW
Acinonyx_jubatus,Steatomys_pratensis,4.669317,1.681241,RW
Acinonyx_jubatus,Elephantulus_brachyrhynchus,4.669317,1.676694,RW
Acinonyx_jubatus,Elephantulus_myurus,4.669317,1.719331,RW
Acinonyx_jubatus,Graphiurus_platyops,4.669317,1.663701,RW
Acinonyx_jubatus,Cryptomys_hottentotus,4.669317,2.0086,RW
Acinonyx_jubatus,Hystrix_africaeaustralis,4.669317,4.174234,RW
Acinonyx_jubatus,Orycteropus_afer,4.669317,4.71892,RW
Acinonyx_jubatus,Galago_moholi,4.669317,2.20412,RW
Acinonyx_jubatus,Paraxerus_cepapi,4.669317,2.255273,RW
Acinonyx_jubatus,Xerus_inauris,4.669317,2.723456,RW
Acinonyx_jubatus,Chrysospalax_villosus,4.669317,2.078819,RW
Acinonyx_jubatus,Aonyx_capensis,4.669317,4.278749,RW
Acinonyx_jubatus,Hydrictis_maculicollis,4.669317,3.60206,RW
Acinonyx_jubatus,Ictonyx_striatus,4.669317,3.113943,RW
Acinonyx_jubatus,Mellivora_capensis,4.669317,3.929419,RW
Acinonyx_jubatus,Poecilogale_albinucha,4.669317,2.531479,RW
Aethomys_ineptus,Aethomys_namaquensis,1.874482,1.704151,RW
Aethomys_ineptus,Dasymys_incomtus,1.874482,1.955207,RW
Aethomys_ineptus,Desmodillus_auricularis,1.874482,1.726727,RW
Aethomys_ineptus,Gerbilliscus_brantsii,1.874482,2.058426,RW
Aethomys_ineptus,Gerbilliscus_leucogaster,1.874482,1.862131,RW
Aethomys_ineptus,Lemniscomys_rosalia,1.874482,1.733999,RW
Aethomys_ineptus,Mastomys_coucha,1.874482,1.491362,RW
Aethomys_ineptus,Otomys_angoniensis,1.874482,2.086004,RW
Aethomys_ineptus,Otomys_irroratus,1.874482,2.071882,RW
Aethomys_ineptus,Rhabdomys_pumilio,1.874482,1.613842,RW
Aethomys_ineptus,Thallomys_paedulcus,1.874482,1.905796,RW
Aethomys_ineptus,Mystromys_albicaudatus,1.874482,1.93902,RW
Aethomys_ineptus,Saccostomus_campestris,1.874482,1.70927,RW
Aethomys_ineptus,Steatomys_krebsii,1.874482,1.31597,RW
Aethomys_ineptus,Steatomys_pratensis,1.874482,1.681241,RW
Aethomys_ineptus,Elephantulus_brachyrhynchus,1.874482,1.676694,RW
Aethomys_ineptus,Elephantulus_myurus,1.874482,1.719331,RW
Aethomys_ineptus,Graphiurus_microtis,1.874482,1.190332,RW
Aethomys_ineptus,Graphiurus_platyops,1.874482,1.663701,RW
Aethomys_ineptus,Cryptomys_hottentotus,1.874482,2.0086,RW
Aethomys_namaquensis,Aethomys_ineptus,1.704151,1.874482,RW
Aethomys_namaquensis,Dasymys_incomtus,1.704151,1.955207,RW
Aethomys_namaquensis,Desmodillus_auricularis,1.704151,1.726727,RW
Aethomys_namaquensis,Gerbilliscus_leucogaster,1.704151,1.862131,RW
Aethomys_namaquensis,Lemniscomys_rosalia,1.704151,1.733999,RW
Aethomys_namaquensis,Mastomys_coucha,1.704151,1.491362,RW
Aethomys_namaquensis,Rhabdomys_pumilio,1.704151,1.613842,RW
Aethomys_namaquensis,Thallomys_paedulcus,1.704151,1.905796,RW
Aethomys_namaquensis,Mystromys_albicaudatus,1.704151,1.93902,RW
Aethomys_namaquensis,Saccostomus_campestris,1.704151,1.70927,RW
Aethomys_namaquensis,Steatomys_krebsii,1.704151,1.31597,RW
Aethomys_namaquensis,Steatomys_pratensis,1.704151,1.681241,RW
Aethomys_namaquensis,Elephantulus_brachyrhynchus,1.704151,1.676694,RW
Aethomys_namaquensis,Elephantulus_myurus,1.704151,1.719331,RW
Aethomys_namaquensis,Graphiurus_microtis,1.704151,1.190332,RW
Aethomys_namaquensis,Graphiurus_platyops,1.704151,1.663701,RW
Aethomys_namaquensis,Cryptomys_hottentotus,1.704151,2.0086,RW
Aonyx_capensis,Paraxerus_cepapi,4.278749,2.255273,RW
Aonyx_capensis,Xerus_inauris,4.278749,2.723456,RW
Aonyx_capensis,Aethomys_ineptus,4.278749,1.874482,RW
Aonyx_capensis,Aethomys_namaquensis,4.278749,1.704151,RW
Aonyx_capensis,Dasymys_incomtus,4.278749,1.955207,RW
Aonyx_capensis,Desmodillus_auricularis,4.278749,1.726727,RW
Aonyx_capensis,Gerbilliscus_brantsii,4.278749,2.058426,RW
Aonyx_capensis,Gerbilliscus_leucogaster,4.278749,1.862131,RW
Aonyx_capensis,Lemniscomys_rosalia,4.278749,1.733999,RW
Aonyx_capensis,Mastomys_coucha,4.278749,1.491362,RW
Aonyx_capensis,Otomys_angoniensis,4.278749,2.086004,RW
Aonyx_capensis,Otomys_irroratus,4.278749,2.071882,RW
Aonyx_capensis,Rhabdomys_pumilio,4.278749,1.613842,RW
Aonyx_capensis,Thallomys_paedulcus,4.278749,1.905796,RW
Aonyx_capensis,Procavia_capensis,4.278749,3.481443,RW
Aonyx_capensis,Mystromys_albicaudatus,4.278749,1.93902,RW
Aonyx_capensis,Saccostomus_campestris,4.278749,1.70927,RW
Aonyx_capensis,Steatomys_krebsii,4.278749,1.31597,RW
Aonyx_capensis,Steatomys_pratensis,4.278749,1.681241,RW
Aonyx_capensis,Elephantulus_brachyrhynchus,4.278749,1.676694,RW
Aonyx_capensis,Elephantulus_myurus,4.278749,1.719331,RW
Aonyx_capensis,Graphiurus_platyops,4.278749,1.663701,RW
Aonyx_capensis,Cryptomys_hottentotus,4.278749,2.0086,RW
Aonyx_capensis,Lepus_capensis,4.278749,3.513444,RW
Aonyx_capensis,Lepus_saxatilis,4.278749,3.373519,RW
Aonyx_capensis,Lepus_victoriae,4.278749,3.243038,RW
Aonyx_capensis,Pronolagus_randensis,4.278749,3.368287,RW
Aonyx_capensis,Atelerix_frontalis,4.278749,2.490661,RW
Aonyx_capensis,Oreotragus_oreotragus,4.278749,4.11394,RW
Aonyx_capensis,Ourebia_ourebi,4.278749,4.236789,RW
Aonyx_capensis,Pelea_capreolus,4.278749,4.30103,RW
Aonyx_capensis,Raphicerus_campestris,4.278749,4.021189,RW
Aonyx_capensis,Sylvicapra_grimmia,4.278749,4.29003,RW
Atelerix_frontalis,Aethomys_ineptus,2.490661,1.874482,RW
Atelerix_frontalis,Aethomys_namaquensis,2.490661,1.704151,RW
Atelerix_frontalis,Dasymys_incomtus,2.490661,1.955207,RW
Atelerix_frontalis,Desmodillus_auricularis,2.490661,1.726727,RW
Atelerix_frontalis,Gerbilliscus_brantsii,2.490661,2.058426,RW
Atelerix_frontalis,Gerbilliscus_leucogaster,2.490661,1.862131,RW
Atelerix_frontalis,Lemniscomys_rosalia,2.490661,1.733999,RW
Atelerix_frontalis,Mastomys_coucha,2.490661,1.491362,RW
Atelerix_frontalis,Otomys_angoniensis,2.490661,2.086004,RW
Atelerix_frontalis,Otomys_irroratus,2.490661,2.071882,RW
Atelerix_frontalis,Rhabdomys_pumilio,2.490661,1.613842,RW
Atelerix_frontalis,Thallomys_paedulcus,2.490661,1.905796,RW
Atelerix_frontalis,Mystromys_albicaudatus,2.490661,1.93902,RW
Atelerix_frontalis,Saccostomus_campestris,2.490661,1.70927,RW
Atelerix_frontalis,Steatomys_krebsii,2.490661,1.31597,RW
Atelerix_frontalis,Steatomys_pratensis,2.490661,1.681241,RW
Atelerix_frontalis,Elephantulus_brachyrhynchus,2.490661,1.676694,RW
Atelerix_frontalis,Elephantulus_myurus,2.490661,1.719331,RW
Atelerix_frontalis,Graphiurus_microtis,2.490661,1.190332,RW
Atelerix_frontalis,Graphiurus_platyops,2.490661,1.663701,RW
Atelerix_frontalis,Cryptomys_hottentotus,2.490661,2.0086,RW
Atilax_paludinosus,Aethomys_ineptus,3.518514,1.874482,RW
Atilax_paludinosus,Aethomys_namaquensis,3.518514,1.704151,RW
Atilax_paludinosus,Dasymys_incomtus,3.518514,1.955207,RW
Atilax_paludinosus,Desmodillus_auricularis,3.518514,1.726727,RW
Atilax_paludinosus,Gerbilliscus_brantsii,3.518514,2.058426,RW
Atilax_paludinosus,Gerbilliscus_leucogaster,3.518514,1.862131,RW
Atilax_paludinosus,Lemniscomys_rosalia,3.518514,1.733999,RW
Atilax_paludinosus,Mastomys_coucha,3.518514,1.491362,RW
Atilax_paludinosus,Otomys_angoniensis,3.518514,2.086004,RW
Atilax_paludinosus,Otomys_irroratus,3.518514,2.071882,RW
Atilax_paludinosus,Rhabdomys_pumilio,3.518514,1.613842,RW
Atilax_paludinosus,Thallomys_paedulcus,3.518514,1.905796,RW
Atilax_paludinosus,Procavia_capensis,3.518514,3.481443,RW
Atilax_paludinosus,Lepus_capensis,3.518514,3.513444,RW
Atilax_paludinosus,Lepus_saxatilis,3.518514,3.373519,RW
Atilax_paludinosus,Lepus_victoriae,3.518514,3.243038,RW
Atilax_paludinosus,Pronolagus_randensis,3.518514,3.368287,RW
Atilax_paludinosus,Mystromys_albicaudatus,3.518514,1.93902,RW
Atilax_paludinosus,Saccostomus_campestris,3.518514,1.70927,RW
Atilax_paludinosus,Steatomys_krebsii,3.518514,1.31597,RW
Atilax_paludinosus,Steatomys_pratensis,3.518514,1.681241,RW
Atilax_paludinosus,Elephantulus_brachyrhynchus,3.518514,1.676694,RW
Atilax_paludinosus,Elephantulus_myurus,3.518514,1.719331,RW
Atilax_paludinosus,Graphiurus_platyops,3.518514,1.663701,RW
Atilax_paludinosus,Cryptomys_hottentotus,3.518514,2.0086,RW
Atilax_paludinosus,Paraxerus_cepapi,3.518514,2.255273,RW
Atilax_paludinosus,Xerus_inauris,3.518514,2.723456,RW
Canis_mesomelas,Raphicerus_campestris,3.929419,4.021189,RW
Canis_mesomelas,Paraxerus_cepapi,3.929419,2.255273,RW
Canis_mesomelas,Xerus_inauris,3.929419,2.723456,RW
Canis_mesomelas,Chrysospalax_villosus,3.929419,2.078819,RW
Canis_mesomelas,Aethomys_ineptus,3.929419,1.874482,RW
Canis_mesomelas,Aethomys_namaquensis,3.929419,1.704151,RW
Canis_mesomelas,Dasymys_incomtus,3.929419,1.955207,RW
Canis_mesomelas,Desmodillus_auricularis,3.929419,1.726727,RW
Canis_mesomelas,Gerbilliscus_brantsii,3.929419,2.058426,RW
Canis_mesomelas,Gerbilliscus_leucogaster,3.929419,1.862131,RW
Canis_mesomelas,Lemniscomys_rosalia,3.929419,1.733999,RW
Canis_mesomelas,Mastomys_coucha,3.929419,1.491362,RW
Canis_mesomelas,Otomys_angoniensis,3.929419,2.086004,RW
Canis_mesomelas,Otomys_irroratus,3.929419,2.071882,RW
Canis_mesomelas,Rhabdomys_pumilio,3.929419,1.613842,RW
Canis_mesomelas,Thallomys_paedulcus,3.929419,1.905796,RW
Canis_mesomelas,Lepus_capensis,3.929419,3.513444,RW
Canis_mesomelas,Lepus_saxatilis,3.929419,3.373519,RW
Canis_mesomelas,Lepus_victoriae,3.929419,3.243038,RW
Canis_mesomelas,Pronolagus_randensis,3.929419,3.368287,RW
Canis_mesomelas,Procavia_capensis,3.929419,3.481443,RW
Canis_mesomelas,Mystromys_albicaudatus,3.929419,1.93902,RW
Canis_mesomelas,Saccostomus_campestris,3.929419,1.70927,RW
Canis_mesomelas,Steatomys_krebsii,3.929419,1.31597,RW
Canis_mesomelas,Steatomys_pratensis,3.929419,1.681241,RW
Canis_mesomelas,Elephantulus_brachyrhynchus,3.929419,1.676694,RW
Canis_mesomelas,Elephantulus_myurus,3.929419,1.719331,RW
Canis_mesomelas,Graphiurus_platyops,3.929419,1.663701,RW
Canis_mesomelas,Cryptomys_hottentotus,3.929419,2.0086,RW
Canis_mesomelas,Atelerix_frontalis,3.929419,2.490661,RW
Canis_mesomelas,Otocyon_megalotis,3.929419,3.618048,RW
Canis_mesomelas,Vulpes_chama,3.929419,3.470557,RW
Canis_mesomelas,Felis_nigripes,3.929419,3.113943,RW
Canis_mesomelas,Felis_silvestris,3.929419,3.740363,RW
Caracal_caracal,Oreotragus_oreotragus,4.1383,4.11394,RW
Caracal_caracal,Ourebia_ourebi,4.1383,4.236789,RW
Caracal_caracal,Raphicerus_campestris,4.1383,4.021189,RW
Caracal_caracal,Pedetes_capensis,4.1383,3.498999,RW
Caracal_caracal,Procavia_capensis,4.1383,3.481443,RW
Caracal_caracal,Aethomys_ineptus,4.1383,1.874482,RW
Caracal_caracal,Aethomys_namaquensis,4.1383,1.704151,RW
Caracal_caracal,Dasymys_incomtus,4.1383,1.955207,RW
Caracal_caracal,Desmodillus_auricularis,4.1383,1.726727,RW
Caracal_caracal,Gerbilliscus_brantsii,4.1383,2.058426,RW
Caracal_caracal,Gerbilliscus_leucogaster,4.1383,1.862131,RW
Caracal_caracal,Lemniscomys_rosalia,4.1383,1.733999,RW
Caracal_caracal,Mastomys_coucha,4.1383,1.491362,RW
Caracal_caracal,Otomys_angoniensis,4.1383,2.086004,RW
Caracal_caracal,Otomys_irroratus,4.1383,2.071882,RW
Caracal_caracal,Rhabdomys_pumilio,4.1383,1.613842,RW
Caracal_caracal,Thallomys_paedulcus,4.1383,1.905796,RW
Caracal_caracal,Lepus_capensis,4.1383,3.513444,RW
Caracal_caracal,Lepus_saxatilis,4.1383,3.373519,RW
Caracal_caracal,Lepus_victoriae,4.1383,3.243038,RW
Caracal_caracal,Pronolagus_randensis,4.1383,3.368287,RW
Caracal_caracal,Proteles_cristata,4.1383,4,RW
Caracal_caracal,Felis_nigripes,4.1383,3.113943,RW
Caracal_caracal,Felis_silvestris,4.1383,3.740363,RW
Caracal_caracal,Leptailurus_serval,4.1383,4.079181,RW
Caracal_caracal,Canis_mesomelas,4.1383,3.929419,RW
Caracal_caracal,Otocyon_megalotis,4.1383,3.618048,RW
Caracal_caracal,Vulpes_chama,4.1383,3.470557,RW
Caracal_caracal,Chlorocebus_pygerythrus,4.1383,3.599337,RW
Caracal_caracal,Mystromys_albicaudatus,4.1383,1.93902,RW
Caracal_caracal,Saccostomus_campestris,4.1383,1.70927,RW
Caracal_caracal,Steatomys_krebsii,4.1383,1.31597,RW
Caracal_caracal,Steatomys_pratensis,4.1383,1.681241,RW
Caracal_caracal,Elephantulus_brachyrhynchus,4.1383,1.676694,RW
Caracal_caracal,Elephantulus_myurus,4.1383,1.719331,RW
Caracal_caracal,Graphiurus_platyops,4.1383,1.663701,RW
Caracal_caracal,Cryptomys_hottentotus,4.1383,2.0086,RW
Caracal_caracal,Hystrix_africaeaustralis,4.1383,4.174234,RW
Caracal_caracal,Galago_moholi,4.1383,2.20412,RW
Caracal_caracal,Paraxerus_cepapi,4.1383,2.255273,RW
Caracal_caracal,Xerus_inauris,4.1383,2.723456,RW
Caracal_caracal,Chrysospalax_villosus,4.1383,2.078819,RW
Caracal_caracal,Hydrictis_maculicollis,4.1383,3.60206,RW
Caracal_caracal,Ictonyx_striatus,4.1383,3.113943,RW
Caracal_caracal,Mellivora_capensis,4.1383,3.929419,RW
Caracal_caracal,Poecilogale_albinucha,4.1383,2.531479,RW
Chlorocebus_pygerythrus,Aethomys_ineptus,3.599337,1.874482,RW
Chlorocebus_pygerythrus,Aethomys_namaquensis,3.599337,1.704151,RW
Chlorocebus_pygerythrus,Dasymys_incomtus,3.599337,1.955207,RW
Chlorocebus_pygerythrus,Desmodillus_auricularis,3.599337,1.726727,RW
Chlorocebus_pygerythrus,Gerbilliscus_brantsii,3.599337,2.058426,RW
Chlorocebus_pygerythrus,Gerbilliscus_leucogaster,3.599337,1.862131,RW
Chlorocebus_pygerythrus,Lemniscomys_rosalia,3.599337,1.733999,RW
Chlorocebus_pygerythrus,Mastomys_coucha,3.599337,1.491362,RW
Chlorocebus_pygerythrus,Otomys_angoniensis,3.599337,2.086004,RW
Chlorocebus_pygerythrus,Otomys_irroratus,3.599337,2.071882,RW
Chlorocebus_pygerythrus,Rhabdomys_pumilio,3.599337,1.613842,RW
Chlorocebus_pygerythrus,Thallomys_paedulcus,3.599337,1.905796,RW
Chlorocebus_pygerythrus,Lepus_capensis,3.599337,3.513444,RW
Chlorocebus_pygerythrus,Lepus_saxatilis,3.599337,3.373519,RW
Chlorocebus_pygerythrus,Lepus_victoriae,3.599337,3.243038,RW
Chlorocebus_pygerythrus,Pronolagus_randensis,3.599337,3.368287,RW
Chlorocebus_pygerythrus,Procavia_capensis,3.599337,3.481443,RW
Chlorocebus_pygerythrus,Mystromys_albicaudatus,3.599337,1.93902,RW
Chlorocebus_pygerythrus,Saccostomus_campestris,3.599337,1.70927,RW
Chlorocebus_pygerythrus,Steatomys_krebsii,3.599337,1.31597,RW
Chlorocebus_pygerythrus,Steatomys_pratensis,3.599337,1.681241,RW
Chlorocebus_pygerythrus,Elephantulus_brachyrhynchus,3.599337,1.676694,RW
Chlorocebus_pygerythrus,Elephantulus_myurus,3.599337,1.719331,RW
Chlorocebus_pygerythrus,Graphiurus_platyops,3.599337,1.663701,RW
Chlorocebus_pygerythrus,Cryptomys_hottentotus,3.599337,2.0086,RW
Civettictis_civetta,Aethomys_ineptus,4.079181,1.874482,RW
Civettictis_civetta,Aethomys_namaquensis,4.079181,1.704151,RW
Civettictis_civetta,Dasymys_incomtus,4.079181,1.955207,RW
Civettictis_civetta,Desmodillus_auricularis,4.079181,1.726727,RW
Civettictis_civetta,Gerbilliscus_brantsii,4.079181,2.058426,RW
Civettictis_civetta,Gerbilliscus_leucogaster,4.079181,1.862131,RW
Civettictis_civetta,Lemniscomys_rosalia,4.079181,1.733999,RW
Civettictis_civetta,Mastomys_coucha,4.079181,1.491362,RW
Civettictis_civetta,Otomys_angoniensis,4.079181,2.086004,RW
Civettictis_civetta,Otomys_irroratus,4.079181,2.071882,RW
Civettictis_civetta,Rhabdomys_pumilio,4.079181,1.613842,RW
Civettictis_civetta,Thallomys_paedulcus,4.079181,1.905796,RW
Civettictis_civetta,Procavia_capensis,4.079181,3.481443,RW
Civettictis_civetta,Lepus_capensis,4.079181,3.513444,RW
Civettictis_civetta,Lepus_saxatilis,4.079181,3.373519,RW
Civettictis_civetta,Lepus_victoriae,4.079181,3.243038,RW
Civettictis_civetta,Pronolagus_randensis,4.079181,3.368287,RW
Civettictis_civetta,Mystromys_albicaudatus,4.079181,1.93902,RW
Civettictis_civetta,Saccostomus_campestris,4.079181,1.70927,RW
Civettictis_civetta,Steatomys_krebsii,4.079181,1.31597,RW
Civettictis_civetta,Steatomys_pratensis,4.079181,1.681241,RW
Civettictis_civetta,Elephantulus_brachyrhynchus,4.079181,1.676694,RW
Civettictis_civetta,Elephantulus_myurus,4.079181,1.719331,RW
Civettictis_civetta,Graphiurus_platyops,4.079181,1.663701,RW
Civettictis_civetta,Cryptomys_hottentotus,4.079181,2.0086,RW
Civettictis_civetta,Atelerix_frontalis,4.079181,2.490661,RW
Crocuta_crocuta,Aepyceros_melampus,4.79934,4.72016,RW
Crocuta_crocuta,Antidorcas_marsupialis,4.79934,4.498311,RW
Crocuta_crocuta,Oreotragus_oreotragus,4.79934,4.11394,RW
Crocuta_crocuta,Ourebia_ourebi,4.79934,4.236789,RW
Crocuta_crocuta,Pelea_capreolus,4.79934,4.30103,RW
Crocuta_crocuta,Raphicerus_campestris,4.79934,4.021189,RW
Crocuta_crocuta,Redunca_arundinum,4.79934,4.76343,RW
Crocuta_crocuta,Redunca_fulvorufula,4.79934,4.469821,RW
Crocuta_crocuta,Sylvicapra_grimmia,4.79934,4.29003,RW
Crocuta_crocuta,Tragelaphus_scriptus,4.79934,4.63599,RW
Crocuta_crocuta,Aethomys_ineptus,4.79934,1.874482,RW
Crocuta_crocuta,Aethomys_namaquensis,4.79934,1.704151,RW
Crocuta_crocuta,Dasymys_incomtus,4.79934,1.955207,RW
Crocuta_crocuta,Desmodillus_auricularis,4.79934,1.726727,RW
Crocuta_crocuta,Gerbilliscus_brantsii,4.79934,2.058426,RW
Crocuta_crocuta,Gerbilliscus_leucogaster,4.79934,1.862131,RW
Crocuta_crocuta,Lemniscomys_rosalia,4.79934,1.733999,RW
Crocuta_crocuta,Mastomys_coucha,4.79934,1.491362,RW
Crocuta_crocuta,Otomys_angoniensis,4.79934,2.086004,RW
Crocuta_crocuta,Otomys_irroratus,4.79934,2.071882,RW
Crocuta_crocuta,Rhabdomys_pumilio,4.79934,1.613842,RW
Crocuta_crocuta,Thallomys_paedulcus,4.79934,1.905796,RW
Crocuta_crocuta,Procavia_capensis,4.79934,3.481443,RW
Crocuta_crocuta,Lepus_capensis,4.79934,3.513444,RW
Crocuta_crocuta,Lepus_saxatilis,4.79934,3.373519,RW
Crocuta_crocuta,Lepus_victoriae,4.79934,3.243038,RW
Crocuta_crocuta,Pronolagus_randensis,4.79934,3.368287,RW
Crocuta_crocuta,Chlorocebus_pygerythrus,4.79934,3.599337,RW
Crocuta_crocuta,Papio_ursinus,4.79934,4.446212,RW
Crocuta_crocuta,Hystrix_africaeaustralis,4.79934,4.174234,RW
Crocuta_crocuta,Mystromys_albicaudatus,4.79934,1.93902,RW
Crocuta_crocuta,Saccostomus_campestris,4.79934,1.70927,RW
Crocuta_crocuta,Steatomys_pratensis,4.79934,1.681241,RW
Crocuta_crocuta,Elephantulus_brachyrhynchus,4.79934,1.676694,RW
Crocuta_crocuta,Elephantulus_myurus,4.79934,1.719331,RW
Crocuta_crocuta,Graphiurus_platyops,4.79934,1.663701,RW
Crocuta_crocuta,Cryptomys_hottentotus,4.79934,2.0086,RW
Crocuta_crocuta,Galago_moholi,4.79934,2.20412,RW
Crocuta_crocuta,Atelerix_frontalis,4.79934,2.490661,RW
Cynictis_penicillata,Aethomys_ineptus,2.922206,1.874482,RW
Cynictis_penicillata,Aethomys_namaquensis,2.922206,1.704151,RW
Cynictis_penicillata,Dasymys_incomtus,2.922206,1.955207,RW
Cynictis_penicillata,Desmodillus_auricularis,2.922206,1.726727,RW
Cynictis_penicillata,Gerbilliscus_brantsii,2.922206,2.058426,RW
Cynictis_penicillata,Gerbilliscus_leucogaster,2.922206,1.862131,RW
Cynictis_penicillata,Lemniscomys_rosalia,2.922206,1.733999,RW
Cynictis_penicillata,Mastomys_coucha,2.922206,1.491362,RW
Cynictis_penicillata,Otomys_angoniensis,2.922206,2.086004,RW
Cynictis_penicillata,Otomys_irroratus,2.922206,2.071882,RW
Cynictis_penicillata,Rhabdomys_pumilio,2.922206,1.613842,RW
Cynictis_penicillata,Thallomys_paedulcus,2.922206,1.905796,RW
Cynictis_penicillata,Mystromys_albicaudatus,2.922206,1.93902,RW
Cynictis_penicillata,Saccostomus_campestris,2.922206,1.70927,RW
Cynictis_penicillata,Steatomys_krebsii,2.922206,1.31597,RW
Cynictis_penicillata,Steatomys_pratensis,2.922206,1.681241,RW
Cynictis_penicillata,Elephantulus_brachyrhynchus,2.922206,1.676694,RW
Cynictis_penicillata,Elephantulus_myurus,2.922206,1.719331,RW
Cynictis_penicillata,Graphiurus_microtis,2.922206,1.190332,RW
Cynictis_penicillata,Graphiurus_platyops,2.922206,1.663701,RW
Cynictis_penicillata,Cryptomys_hottentotus,2.922206,2.0086,RW
Cynictis_penicillata,Paraxerus_cepapi,2.922206,2.255273,RW
Cynictis_penicillata,Xerus_inauris,2.922206,2.723456,RW
Dasymys_incomtus,Aethomys_ineptus,1.955207,1.874482,RW
Dasymys_incomtus,Aethomys_namaquensis,1.955207,1.704151,RW
Dasymys_incomtus,Desmodillus_auricularis,1.955207,1.726727,RW
Dasymys_incomtus,Gerbilliscus_brantsii,1.955207,2.058426,RW
Dasymys_incomtus,Gerbilliscus_leucogaster,1.955207,1.862131,RW
Dasymys_incomtus,Lemniscomys_rosalia,1.955207,1.733999,RW
Dasymys_incomtus,Mastomys_coucha,1.955207,1.491362,RW
Dasymys_incomtus,Otomys_angoniensis,1.955207,2.086004,RW
Dasymys_incomtus,Otomys_irroratus,1.955207,2.071882,RW
Dasymys_incomtus,Rhabdomys_pumilio,1.955207,1.613842,RW
Dasymys_incomtus,Thallomys_paedulcus,1.955207,1.905796,RW
Dasymys_incomtus,Mystromys_albicaudatus,1.955207,1.93902,RW
Dasymys_incomtus,Saccostomus_campestris,1.955207,1.70927,RW
Dasymys_incomtus,Steatomys_krebsii,1.955207,1.31597,RW
Dasymys_incomtus,Steatomys_pratensis,1.955207,1.681241,RW
Dasymys_incomtus,Elephantulus_brachyrhynchus,1.955207,1.676694,RW
Dasymys_incomtus,Elephantulus_myurus,1.955207,1.719331,RW
Dasymys_incomtus,Graphiurus_microtis,1.955207,1.190332,RW
Dasymys_incomtus,Graphiurus_platyops,1.955207,1.663701,RW
Dasymys_incomtus,Cryptomys_hottentotus,1.955207,2.0086,RW
Desmodillus_auricularis,Aethomys_ineptus,1.726727,1.874482,RW
Desmodillus_auricularis,Aethomys_namaquensis,1.726727,1.704151,RW
Desmodillus_auricularis,Dasymys_incomtus,1.726727,1.955207,RW
Desmodillus_auricularis,Gerbilliscus_brantsii,1.726727,2.058426,RW
Desmodillus_auricularis,Gerbilliscus_leucogaster,1.726727,1.862131,RW
Desmodillus_auricularis,Lemniscomys_rosalia,1.726727,1.733999,RW
Desmodillus_auricularis,Mastomys_coucha,1.726727,1.491362,RW
Desmodillus_auricularis,Otomys_irroratus,1.726727,2.071882,RW
Desmodillus_auricularis,Rhabdomys_pumilio,1.726727,1.613842,RW
Desmodillus_auricularis,Thallomys_paedulcus,1.726727,1.905796,RW
Desmodillus_auricularis,Mystromys_albicaudatus,1.726727,1.93902,RW
Desmodillus_auricularis,Saccostomus_campestris,1.726727,1.70927,RW
Desmodillus_auricularis,Steatomys_krebsii,1.726727,1.31597,RW
Desmodillus_auricularis,Steatomys_pratensis,1.726727,1.681241,RW
Desmodillus_auricularis,Elephantulus_brachyrhynchus,1.726727,1.676694,RW
Desmodillus_auricularis,Elephantulus_myurus,1.726727,1.719331,RW
Desmodillus_auricularis,Graphiurus_microtis,1.726727,1.190332,RW
Desmodillus_auricularis,Graphiurus_platyops,1.726727,1.663701,RW
Desmodillus_auricularis,Cryptomys_hottentotus,1.726727,2.0086,RW
Felis_nigripes,Aethomys_ineptus,3.113943,1.874482,RW
Felis_nigripes,Aethomys_namaquensis,3.113943,1.704151,RW
Felis_nigripes,Dasymys_incomtus,3.113943,1.955207,RW
Felis_nigripes,Desmodillus_auricularis,3.113943,1.726727,RW
Felis_nigripes,Gerbilliscus_brantsii,3.113943,2.058426,RW
Felis_nigripes,Gerbilliscus_leucogaster,3.113943,1.862131,RW
Felis_nigripes,Lemniscomys_rosalia,3.113943,1.733999,RW
Felis_nigripes,Mastomys_coucha,3.113943,1.491362,RW
Felis_nigripes,Otomys_angoniensis,3.113943,2.086004,RW
Felis_nigripes,Otomys_irroratus,3.113943,2.071882,RW
Felis_nigripes,Rhabdomys_pumilio,3.113943,1.613842,RW
Felis_nigripes,Thallomys_paedulcus,3.113943,1.905796,RW
Felis_nigripes,Lepus_victoriae,3.113943,3.243038,RW
Felis_nigripes,Mystromys_albicaudatus,3.113943,1.93902,RW
Felis_nigripes,Saccostomus_campestris,3.113943,1.70927,RW
Felis_nigripes,Steatomys_krebsii,3.113943,1.31597,RW
Felis_nigripes,Steatomys_pratensis,3.113943,1.681241,RW
Felis_nigripes,Elephantulus_brachyrhynchus,3.113943,1.676694,RW
Felis_nigripes,Elephantulus_myurus,3.113943,1.719331,RW
Felis_nigripes,Graphiurus_microtis,3.113943,1.190332,RW
Felis_nigripes,Graphiurus_platyops,3.113943,1.663701,RW
Felis_nigripes,Cryptomys_hottentotus,3.113943,2.0086,RW
Felis_nigripes,Galago_moholi,3.113943,2.20412,RW
Felis_nigripes,Paraxerus_cepapi,3.113943,2.255273,RW
Felis_nigripes,Xerus_inauris,3.113943,2.723456,RW
Felis_nigripes,Chrysospalax_villosus,3.113943,2.078819,RW
Felis_nigripes,Crocidura_hirta,3.113943,1.198657,RW
Felis_nigripes,Ictonyx_striatus,3.113943,3.113943,RW
Felis_nigripes,Poecilogale_albinucha,3.113943,2.531479,RW
Felis_silvestris,Pedetes_capensis,3.740363,3.498999,RW
Felis_silvestris,Procavia_capensis,3.740363,3.481443,RW
Felis_silvestris,Aethomys_ineptus,3.740363,1.874482,RW
Felis_silvestris,Aethomys_namaquensis,3.740363,1.704151,RW
Felis_silvestris,Dasymys_incomtus,3.740363,1.955207,RW
Felis_silvestris,Desmodillus_auricularis,3.740363,1.726727,RW
Felis_silvestris,Gerbilliscus_brantsii,3.740363,2.058426,RW
Felis_silvestris,Gerbilliscus_leucogaster,3.740363,1.862131,RW
Felis_silvestris,Lemniscomys_rosalia,3.740363,1.733999,RW
Felis_silvestris,Mastomys_coucha,3.740363,1.491362,RW
Felis_silvestris,Otomys_angoniensis,3.740363,2.086004,RW
Felis_silvestris,Otomys_irroratus,3.740363,2.071882,RW
Felis_silvestris,Rhabdomys_pumilio,3.740363,1.613842,RW
Felis_silvestris,Thallomys_paedulcus,3.740363,1.905796,RW
Felis_silvestris,Lepus_capensis,3.740363,3.513444,RW
Felis_silvestris,Lepus_saxatilis,3.740363,3.373519,RW
Felis_silvestris,Lepus_victoriae,3.740363,3.243038,RW
Felis_silvestris,Pronolagus_randensis,3.740363,3.368287,RW
Felis_silvestris,Felis_nigripes,3.740363,3.113943,RW
Felis_silvestris,Otocyon_megalotis,3.740363,3.618048,RW
Felis_silvestris,Vulpes_chama,3.740363,3.470557,RW
Felis_silvestris,Chlorocebus_pygerythrus,3.740363,3.599337,RW
Felis_silvestris,Mystromys_albicaudatus,3.740363,1.93902,RW
Felis_silvestris,Saccostomus_campestris,3.740363,1.70927,RW
Felis_silvestris,Steatomys_krebsii,3.740363,1.31597,RW
Felis_silvestris,Steatomys_pratensis,3.740363,1.681241,RW
Felis_silvestris,Elephantulus_brachyrhynchus,3.740363,1.676694,RW
Felis_silvestris,Elephantulus_myurus,3.740363,1.719331,RW
Felis_silvestris,Graphiurus_platyops,3.740363,1.663701,RW
Felis_silvestris,Cryptomys_hottentotus,3.740363,2.0086,RW
Felis_silvestris,Galago_moholi,3.740363,2.20412,RW
Felis_silvestris,Paraxerus_cepapi,3.740363,2.255273,RW
Felis_silvestris,Xerus_inauris,3.740363,2.723456,RW
Felis_silvestris,Chrysospalax_villosus,3.740363,2.078819,RW
Felis_silvestris,Hydrictis_maculicollis,3.740363,3.60206,RW
Felis_silvestris,Ictonyx_striatus,3.740363,3.113943,RW
Felis_silvestris,Poecilogale_albinucha,3.740363,2.531479,RW
Galago_moholi,Aethomys_ineptus,2.20412,1.874482,RW
Galago_moholi,Aethomys_namaquensis,2.20412,1.704151,RW
Galago_moholi,Dasymys_incomtus,2.20412,1.955207,RW
Galago_moholi,Desmodillus_auricularis,2.20412,1.726727,RW
Galago_moholi,Gerbilliscus_brantsii,2.20412,2.058426,RW
Galago_moholi,Gerbilliscus_leucogaster,2.20412,1.862131,RW
Galago_moholi,Lemniscomys_rosalia,2.20412,1.733999,RW
Galago_moholi,Mastomys_coucha,2.20412,1.491362,RW
Galago_moholi,Otomys_angoniensis,2.20412,2.086004,RW
Galago_moholi,Otomys_irroratus,2.20412,2.071882,RW
Galago_moholi,Rhabdomys_pumilio,2.20412,1.613842,RW
Galago_moholi,Thallomys_paedulcus,2.20412,1.905796,RW
Galago_moholi,Mystromys_albicaudatus,2.20412,1.93902,RW
Galago_moholi,Saccostomus_campestris,2.20412,1.70927,RW
Galago_moholi,Steatomys_krebsii,2.20412,1.31597,RW
Galago_moholi,Steatomys_pratensis,2.20412,1.681241,RW
Galago_moholi,Elephantulus_brachyrhynchus,2.20412,1.676694,RW
Galago_moholi,Elephantulus_myurus,2.20412,1.719331,RW
Galago_moholi,Graphiurus_microtis,2.20412,1.190332,RW
Galago_moholi,Graphiurus_platyops,2.20412,1.663701,RW
Galago_moholi,Cryptomys_hottentotus,2.20412,2.0086,RW
Genetta_genetta,Aethomys_ineptus,3.255273,1.874482,RW
Genetta_genetta,Aethomys_namaquensis,3.255273,1.704151,RW
Genetta_genetta,Dasymys_incomtus,3.255273,1.955207,RW
Genetta_genetta,Desmodillus_auricularis,3.255273,1.726727,RW
Genetta_genetta,Gerbilliscus_brantsii,3.255273,2.058426,RW
Genetta_genetta,Gerbilliscus_leucogaster,3.255273,1.862131,RW
Genetta_genetta,Lemniscomys_rosalia,3.255273,1.733999,RW
Genetta_genetta,Mastomys_coucha,3.255273,1.491362,RW
Genetta_genetta,Otomys_angoniensis,3.255273,2.086004,RW
Genetta_genetta,Otomys_irroratus,3.255273,2.071882,RW
Genetta_genetta,Rhabdomys_pumilio,3.255273,1.613842,RW
Genetta_genetta,Thallomys_paedulcus,3.255273,1.905796,RW
Genetta_genetta,Lepus_saxatilis,3.255273,3.373519,RW
Genetta_genetta,Lepus_victoriae,3.255273,3.243038,RW
Genetta_genetta,Pronolagus_randensis,3.255273,3.368287,RW
Genetta_genetta,Mystromys_albicaudatus,3.255273,1.93902,RW
Genetta_genetta,Saccostomus_campestris,3.255273,1.70927,RW
Genetta_genetta,Steatomys_krebsii,3.255273,1.31597,RW
Genetta_genetta,Steatomys_pratensis,3.255273,1.681241,RW
Genetta_genetta,Elephantulus_brachyrhynchus,3.255273,1.676694,RW
Genetta_genetta,Elephantulus_myurus,3.255273,1.719331,RW
Genetta_genetta,Graphiurus_platyops,3.255273,1.663701,RW
Genetta_genetta,Cryptomys_hottentotus,3.255273,2.0086,RW
Genetta_genetta,Atelerix_frontalis,3.255273,2.490661,RW
Gerbilliscus_brantsii,Aethomys_ineptus,2.058426,1.874482,RW
Gerbilliscus_brantsii,Aethomys_namaquensis,2.058426,1.704151,RW
Gerbilliscus_brantsii,Dasymys_incomtus,2.058426,1.955207,RW
Gerbilliscus_brantsii,Desmodillus_auricularis,2.058426,1.726727,RW
Gerbilliscus_brantsii,Gerbilliscus_leucogaster,2.058426,1.862131,RW
Gerbilliscus_brantsii,Lemniscomys_rosalia,2.058426,1.733999,RW
Gerbilliscus_brantsii,Mastomys_coucha,2.058426,1.491362,RW
Gerbilliscus_brantsii,Otomys_angoniensis,2.058426,2.086004,RW
Gerbilliscus_brantsii,Otomys_irroratus,2.058426,2.071882,RW
Gerbilliscus_brantsii,Rhabdomys_pumilio,2.058426,1.613842,RW
Gerbilliscus_brantsii,Thallomys_paedulcus,2.058426,1.905796,RW
Gerbilliscus_brantsii,Mystromys_albicaudatus,2.058426,1.93902,RW
Gerbilliscus_brantsii,Saccostomus_campestris,2.058426,1.70927,RW
Gerbilliscus_brantsii,Steatomys_krebsii,2.058426,1.31597,RW
Gerbilliscus_brantsii,Steatomys_pratensis,2.058426,1.681241,RW
Gerbilliscus_brantsii,Elephantulus_brachyrhynchus,2.058426,1.676694,RW
Gerbilliscus_brantsii,Elephantulus_myurus,2.058426,1.719331,RW
Gerbilliscus_brantsii,Graphiurus_microtis,2.058426,1.190332,RW
Gerbilliscus_brantsii,Graphiurus_platyops,2.058426,1.663701,RW
Gerbilliscus_brantsii,Cryptomys_hottentotus,2.058426,2.0086,RW
Gerbilliscus_leucogaster,Aethomys_ineptus,1.862131,1.874482,RW
Gerbilliscus_leucogaster,Aethomys_namaquensis,1.862131,1.704151,RW
Gerbilliscus_leucogaster,Dasymys_incomtus,1.862131,1.955207,RW
Gerbilliscus_leucogaster,Desmodillus_auricularis,1.862131,1.726727,RW
Gerbilliscus_leucogaster,Gerbilliscus_brantsii,1.862131,2.058426,RW
Gerbilliscus_leucogaster,Lemniscomys_rosalia,1.862131,1.733999,RW
Gerbilliscus_leucogaster,Mastomys_coucha,1.862131,1.491362,RW
Gerbilliscus_leucogaster,Otomys_angoniensis,1.862131,2.086004,RW
Gerbilliscus_leucogaster,Otomys_irroratus,1.862131,2.071882,RW
Gerbilliscus_leucogaster,Rhabdomys_pumilio,1.862131,1.613842,RW
Gerbilliscus_leucogaster,Thallomys_paedulcus,1.862131,1.905796,RW
Gerbilliscus_leucogaster,Mystromys_albicaudatus,1.862131,1.93902,RW
Gerbilliscus_leucogaster,Saccostomus_campestris,1.862131,1.70927,RW
Gerbilliscus_leucogaster,Steatomys_krebsii,1.862131,1.31597,RW
Gerbilliscus_leucogaster,Steatomys_pratensis,1.862131,1.681241,RW
Gerbilliscus_leucogaster,Elephantulus_brachyrhynchus,1.862131,1.676694,RW
Gerbilliscus_leucogaster,Elephantulus_myurus,1.862131,1.719331,RW
Gerbilliscus_leucogaster,Graphiurus_microtis,1.862131,1.190332,RW
Gerbilliscus_leucogaster,Graphiurus_platyops,1.862131,1.663701,RW
Gerbilliscus_leucogaster,Cryptomys_hottentotus,1.862131,2.0086,RW
Helogale_parvula,Aethomys_ineptus,2.477121,1.874482,RW
Helogale_parvula,Aethomys_namaquensis,2.477121,1.704151,RW
Helogale_parvula,Dasymys_incomtus,2.477121,1.955207,RW
Helogale_parvula,Desmodillus_auricularis,2.477121,1.726727,RW
Helogale_parvula,Gerbilliscus_brantsii,2.477121,2.058426,RW
Helogale_parvula,Gerbilliscus_leucogaster,2.477121,1.862131,RW
Helogale_parvula,Lemniscomys_rosalia,2.477121,1.733999,RW
Helogale_parvula,Mastomys_coucha,2.477121,1.491362,RW
Helogale_parvula,Otomys_angoniensis,2.477121,2.086004,RW
Helogale_parvula,Otomys_irroratus,2.477121,2.071882,RW
Helogale_parvula,Rhabdomys_pumilio,2.477121,1.613842,RW
Helogale_parvula,Thallomys_paedulcus,2.477121,1.905796,RW
Helogale_parvula,Mystromys_albicaudatus,2.477121,1.93902,RW
Helogale_parvula,Saccostomus_campestris,2.477121,1.70927,RW
Helogale_parvula,Steatomys_krebsii,2.477121,1.31597,RW
Helogale_parvula,Steatomys_pratensis,2.477121,1.681241,RW
Helogale_parvula,Elephantulus_brachyrhynchus,2.477121,1.676694,RW
Helogale_parvula,Elephantulus_myurus,2.477121,1.719331,RW
Helogale_parvula,Graphiurus_microtis,2.477121,1.190332,RW
Helogale_parvula,Graphiurus_platyops,2.477121,1.663701,RW
Helogale_parvula,Cryptomys_hottentotus,2.477121,2.0086,RW
Helogale_parvula,Paraxerus_cepapi,2.477121,2.255273,RW
Helogale_parvula,Xerus_inauris,2.477121,2.723456,RW
Herpestes_sanguineus,Aethomys_ineptus,2.740363,1.874482,RW
Herpestes_sanguineus,Aethomys_namaquensis,2.740363,1.704151,RW
Herpestes_sanguineus,Dasymys_incomtus,2.740363,1.955207,RW
Herpestes_sanguineus,Desmodillus_auricularis,2.740363,1.726727,RW
Herpestes_sanguineus,Gerbilliscus_brantsii,2.740363,2.058426,RW
Herpestes_sanguineus,Gerbilliscus_leucogaster,2.740363,1.862131,RW
Herpestes_sanguineus,Lemniscomys_rosalia,2.740363,1.733999,RW
Herpestes_sanguineus,Mastomys_coucha,2.740363,1.491362,RW
Herpestes_sanguineus,Otomys_angoniensis,2.740363,2.086004,RW
Herpestes_sanguineus,Otomys_irroratus,2.740363,2.071882,RW
Herpestes_sanguineus,Rhabdomys_pumilio,2.740363,1.613842,RW
Herpestes_sanguineus,Thallomys_paedulcus,2.740363,1.905796,RW
Herpestes_sanguineus,Mystromys_albicaudatus,2.740363,1.93902,RW
Herpestes_sanguineus,Saccostomus_campestris,2.740363,1.70927,RW
Herpestes_sanguineus,Steatomys_krebsii,2.740363,1.31597,RW
Herpestes_sanguineus,Steatomys_pratensis,2.740363,1.681241,RW
Herpestes_sanguineus,Elephantulus_brachyrhynchus,2.740363,1.676694,RW
Herpestes_sanguineus,Elephantulus_myurus,2.740363,1.719331,RW
Herpestes_sanguineus,Graphiurus_microtis,2.740363,1.190332,RW
Herpestes_sanguineus,Graphiurus_platyops,2.740363,1.663701,RW
Herpestes_sanguineus,Cryptomys_hottentotus,2.740363,2.0086,RW
Herpestes_sanguineus,Paraxerus_cepapi,2.740363,2.255273,RW
Herpestes_sanguineus,Xerus_inauris,2.740363,2.723456,RW
Hydrictis_maculicollis,Paraxerus_cepapi,3.60206,2.255273,RW
Hydrictis_maculicollis,Xerus_inauris,3.60206,2.723456,RW
Hydrictis_maculicollis,Aethomys_ineptus,3.60206,1.874482,RW
Hydrictis_maculicollis,Aethomys_namaquensis,3.60206,1.704151,RW
Hydrictis_maculicollis,Dasymys_incomtus,3.60206,1.955207,RW
Hydrictis_maculicollis,Desmodillus_auricularis,3.60206,1.726727,RW
Hydrictis_maculicollis,Gerbilliscus_brantsii,3.60206,2.058426,RW
Hydrictis_maculicollis,Gerbilliscus_leucogaster,3.60206,1.862131,RW
Hydrictis_maculicollis,Lemniscomys_rosalia,3.60206,1.733999,RW
Hydrictis_maculicollis,Mastomys_coucha,3.60206,1.491362,RW
Hydrictis_maculicollis,Otomys_angoniensis,3.60206,2.086004,RW
Hydrictis_maculicollis,Otomys_irroratus,3.60206,2.071882,RW
Hydrictis_maculicollis,Rhabdomys_pumilio,3.60206,1.613842,RW
Hydrictis_maculicollis,Thallomys_paedulcus,3.60206,1.905796,RW
Hydrictis_maculicollis,Procavia_capensis,3.60206,3.481443,RW
Hydrictis_maculicollis,Mystromys_albicaudatus,3.60206,1.93902,RW
Hydrictis_maculicollis,Saccostomus_campestris,3.60206,1.70927,RW
Hydrictis_maculicollis,Steatomys_krebsii,3.60206,1.31597,RW
Hydrictis_maculicollis,Steatomys_pratensis,3.60206,1.681241,RW
Hydrictis_maculicollis,Elephantulus_brachyrhynchus,3.60206,1.676694,RW
Hydrictis_maculicollis,Elephantulus_myurus,3.60206,1.719331,RW
Hydrictis_maculicollis,Graphiurus_platyops,3.60206,1.663701,RW
Hydrictis_maculicollis,Cryptomys_hottentotus,3.60206,2.0086,RW
Hydrictis_maculicollis,Lepus_capensis,3.60206,3.513444,RW
Hydrictis_maculicollis,Lepus_saxatilis,3.60206,3.373519,RW
Hydrictis_maculicollis,Lepus_victoriae,3.60206,3.243038,RW
Hydrictis_maculicollis,Pronolagus_randensis,3.60206,3.368287,RW
Hydrictis_maculicollis,Atelerix_frontalis,3.60206,2.490661,RW
Ichneumia_albicauda,Aethomys_ineptus,3.544068,1.874482,RW
Ichneumia_albicauda,Aethomys_namaquensis,3.544068,1.704151,RW
Ichneumia_albicauda,Dasymys_incomtus,3.544068,1.955207,RW
Ichneumia_albicauda,Desmodillus_auricularis,3.544068,1.726727,RW
Ichneumia_albicauda,Gerbilliscus_brantsii,3.544068,2.058426,RW
Ichneumia_albicauda,Gerbilliscus_leucogaster,3.544068,1.862131,RW
Ichneumia_albicauda,Lemniscomys_rosalia,3.544068,1.733999,RW
Ichneumia_albicauda,Mastomys_coucha,3.544068,1.491362,RW
Ichneumia_albicauda,Otomys_angoniensis,3.544068,2.086004,RW
Ichneumia_albicauda,Otomys_irroratus,3.544068,2.071882,RW
Ichneumia_albicauda,Rhabdomys_pumilio,3.544068,1.613842,RW
Ichneumia_albicauda,Thallomys_paedulcus,3.544068,1.905796,RW
Ichneumia_albicauda,Procavia_capensis,3.544068,3.481443,RW
Ichneumia_albicauda,Lepus_capensis,3.544068,3.513444,RW
Ichneumia_albicauda,Lepus_saxatilis,3.544068,3.373519,RW
Ichneumia_albicauda,Lepus_victoriae,3.544068,3.243038,RW
Ichneumia_albicauda,Pronolagus_randensis,3.544068,3.368287,RW
Ichneumia_albicauda,Mystromys_albicaudatus,3.544068,1.93902,RW
Ichneumia_albicauda,Saccostomus_campestris,3.544068,1.70927,RW
Ichneumia_albicauda,Steatomys_krebsii,3.544068,1.31597,RW
Ichneumia_albicauda,Steatomys_pratensis,3.544068,1.681241,RW
Ichneumia_albicauda,Elephantulus_brachyrhynchus,3.544068,1.676694,RW
Ichneumia_albicauda,Elephantulus_myurus,3.544068,1.719331,RW
Ichneumia_albicauda,Graphiurus_platyops,3.544068,1.663701,RW
Ichneumia_albicauda,Cryptomys_hottentotus,3.544068,2.0086,RW
Ichneumia_albicauda,Paraxerus_cepapi,3.544068,2.255273,RW
Ichneumia_albicauda,Xerus_inauris,3.544068,2.723456,RW
Ictonyx_striatus,Paraxerus_cepapi,3.113943,2.255273,RW
Ictonyx_striatus,Xerus_inauris,3.113943,2.723456,RW
Ictonyx_striatus,Aethomys_ineptus,3.113943,1.874482,RW
Ictonyx_striatus,Aethomys_namaquensis,3.113943,1.704151,RW
Ictonyx_striatus,Dasymys_incomtus,3.113943,1.955207,RW
Ictonyx_striatus,Desmodillus_auricularis,3.113943,1.726727,RW
Ictonyx_striatus,Gerbilliscus_brantsii,3.113943,2.058426,RW
Ictonyx_striatus,Gerbilliscus_leucogaster,3.113943,1.862131,RW
Ictonyx_striatus,Lemniscomys_rosalia,3.113943,1.733999,RW
Ictonyx_striatus,Mastomys_coucha,3.113943,1.491362,RW
Ictonyx_striatus,Otomys_angoniensis,3.113943,2.086004,RW
Ictonyx_striatus,Otomys_irroratus,3.113943,2.071882,RW
Ictonyx_striatus,Rhabdomys_pumilio,3.113943,1.613842,RW
Ictonyx_striatus,Thallomys_paedulcus,3.113943,1.905796,RW
Ictonyx_striatus,Mystromys_albicaudatus,3.113943,1.93902,RW
Ictonyx_striatus,Saccostomus_campestris,3.113943,1.70927,RW
Ictonyx_striatus,Steatomys_krebsii,3.113943,1.31597,RW
Ictonyx_striatus,Steatomys_pratensis,3.113943,1.681241,RW
Ictonyx_striatus,Elephantulus_brachyrhynchus,3.113943,1.676694,RW
Ictonyx_striatus,Elephantulus_myurus,3.113943,1.719331,RW
Ictonyx_striatus,Graphiurus_microtis,3.113943,1.190332,RW
Ictonyx_striatus,Graphiurus_platyops,3.113943,1.663701,RW
Ictonyx_striatus,Cryptomys_hottentotus,3.113943,2.0086,RW
Ictonyx_striatus,Lepus_victoriae,3.113943,3.243038,RW
Ictonyx_striatus,Atelerix_frontalis,3.113943,2.490661,RW
Lemniscomys_rosalia,Aethomys_ineptus,1.733999,1.874482,RW
Lemniscomys_rosalia,Aethomys_namaquensis,1.733999,1.704151,RW
Lemniscomys_rosalia,Dasymys_incomtus,1.733999,1.955207,RW
Lemniscomys_rosalia,Desmodillus_auricularis,1.733999,1.726727,RW
Lemniscomys_rosalia,Gerbilliscus_brantsii,1.733999,2.058426,RW
Lemniscomys_rosalia,Gerbilliscus_leucogaster,1.733999,1.862131,RW
Lemniscomys_rosalia,Mastomys_coucha,1.733999,1.491362,RW
Lemniscomys_rosalia,Otomys_irroratus,1.733999,2.071882,RW
Lemniscomys_rosalia,Rhabdomys_pumilio,1.733999,1.613842,RW
Lemniscomys_rosalia,Thallomys_paedulcus,1.733999,1.905796,RW
Lemniscomys_rosalia,Mystromys_albicaudatus,1.733999,1.93902,RW
Lemniscomys_rosalia,Saccostomus_campestris,1.733999,1.70927,RW
Lemniscomys_rosalia,Steatomys_krebsii,1.733999,1.31597,RW
Lemniscomys_rosalia,Steatomys_pratensis,1.733999,1.681241,RW
Lemniscomys_rosalia,Elephantulus_brachyrhynchus,1.733999,1.676694,RW
Lemniscomys_rosalia,Elephantulus_myurus,1.733999,1.719331,RW
Lemniscomys_rosalia,Graphiurus_microtis,1.733999,1.190332,RW
Lemniscomys_rosalia,Graphiurus_platyops,1.733999,1.663701,RW
Lemniscomys_rosalia,Cryptomys_hottentotus,1.733999,2.0086,RW
Leptailurus_serval,Oreotragus_oreotragus,4.079181,4.11394,RW
Leptailurus_serval,Raphicerus_campestris,4.079181,4.021189,RW
Leptailurus_serval,Pedetes_capensis,4.079181,3.498999,RW
Leptailurus_serval,Procavia_capensis,4.079181,3.481443,RW
Leptailurus_serval,Aethomys_ineptus,4.079181,1.874482,RW
Leptailurus_serval,Aethomys_namaquensis,4.079181,1.704151,RW
Leptailurus_serval,Dasymys_incomtus,4.079181,1.955207,RW
Leptailurus_serval,Desmodillus_auricularis,4.079181,1.726727,RW
Leptailurus_serval,Gerbilliscus_brantsii,4.079181,2.058426,RW
Leptailurus_serval,Gerbilliscus_leucogaster,4.079181,1.862131,RW
Leptailurus_serval,Lemniscomys_rosalia,4.079181,1.733999,RW
Leptailurus_serval,Mastomys_coucha,4.079181,1.491362,RW
Leptailurus_serval,Otomys_angoniensis,4.079181,2.086004,RW
Leptailurus_serval,Otomys_irroratus,4.079181,2.071882,RW
Leptailurus_serval,Rhabdomys_pumilio,4.079181,1.613842,RW
Leptailurus_serval,Thallomys_paedulcus,4.079181,1.905796,RW
Leptailurus_serval,Lepus_capensis,4.079181,3.513444,RW
Leptailurus_serval,Lepus_saxatilis,4.079181,3.373519,RW
Leptailurus_serval,Lepus_victoriae,4.079181,3.243038,RW
Leptailurus_serval,Pronolagus_randensis,4.079181,3.368287,RW
Leptailurus_serval,Proteles_cristata,4.079181,4,RW
Leptailurus_serval,Caracal_caracal,4.079181,4.1383,RW
Leptailurus_serval,Felis_nigripes,4.079181,3.113943,RW
Leptailurus_serval,Felis_silvestris,4.079181,3.740363,RW
Leptailurus_serval,Canis_mesomelas,4.079181,3.929419,RW
Leptailurus_serval,Otocyon_megalotis,4.079181,3.618048,RW
Leptailurus_serval,Vulpes_chama,4.079181,3.470557,RW
Leptailurus_serval,Chlorocebus_pygerythrus,4.079181,3.599337,RW
Leptailurus_serval,Mystromys_albicaudatus,4.079181,1.93902,RW
Leptailurus_serval,Saccostomus_campestris,4.079181,1.70927,RW
Leptailurus_serval,Steatomys_krebsii,4.079181,1.31597,RW
Leptailurus_serval,Steatomys_pratensis,4.079181,1.681241,RW
Leptailurus_serval,Elephantulus_brachyrhynchus,4.079181,1.676694,RW
Leptailurus_serval,Elephantulus_myurus,4.079181,1.719331,RW
Leptailurus_serval,Graphiurus_platyops,4.079181,1.663701,RW
Leptailurus_serval,Cryptomys_hottentotus,4.079181,2.0086,RW
Leptailurus_serval,Hystrix_africaeaustralis,4.079181,4.174234,RW
Leptailurus_serval,Galago_moholi,4.079181,2.20412,RW
Leptailurus_serval,Paraxerus_cepapi,4.079181,2.255273,RW
Leptailurus_serval,Xerus_inauris,4.079181,2.723456,RW
Leptailurus_serval,Chrysospalax_villosus,4.079181,2.078819,RW
Leptailurus_serval,Hydrictis_maculicollis,4.079181,3.60206,RW
Leptailurus_serval,Ictonyx_striatus,4.079181,3.113943,RW
Leptailurus_serval,Mellivora_capensis,4.079181,3.929419,RW
Leptailurus_serval,Poecilogale_albinucha,4.079181,2.531479,RW
Lycaon_pictus,Oreotragus_oreotragus,4.343411,4.11394,RW
Lycaon_pictus,Ourebia_ourebi,4.343411,4.236789,RW
Lycaon_pictus,Pelea_capreolus,4.343411,4.30103,RW
Lycaon_pictus,Raphicerus_campestris,4.343411,4.021189,RW
Lycaon_pictus,Sylvicapra_grimmia,4.343411,4.29003,RW
Lycaon_pictus,Paraxerus_cepapi,4.343411,2.255273,RW
Lycaon_pictus,Xerus_inauris,4.343411,2.723456,RW
Lycaon_pictus,Chrysospalax_villosus,4.343411,2.078819,RW
Lycaon_pictus,Aethomys_ineptus,4.343411,1.874482,RW
Lycaon_pictus,Aethomys_namaquensis,4.343411,1.704151,RW
Lycaon_pictus,Dasymys_incomtus,4.343411,1.955207,RW
Lycaon_pictus,Desmodillus_auricularis,4.343411,1.726727,RW
Lycaon_pictus,Gerbilliscus_brantsii,4.343411,2.058426,RW
Lycaon_pictus,Gerbilliscus_leucogaster,4.343411,1.862131,RW
Lycaon_pictus,Lemniscomys_rosalia,4.343411,1.733999,RW
Lycaon_pictus,Mastomys_coucha,4.343411,1.491362,RW
Lycaon_pictus,Otomys_angoniensis,4.343411,2.086004,RW
Lycaon_pictus,Otomys_irroratus,4.343411,2.071882,RW
Lycaon_pictus,Rhabdomys_pumilio,4.343411,1.613842,RW
Lycaon_pictus,Thallomys_paedulcus,4.343411,1.905796,RW
Lycaon_pictus,Lepus_capensis,4.343411,3.513444,RW
Lycaon_pictus,Lepus_saxatilis,4.343411,3.373519,RW
Lycaon_pictus,Lepus_victoriae,4.343411,3.243038,RW
Lycaon_pictus,Pronolagus_randensis,4.343411,3.368287,RW
Lycaon_pictus,Procavia_capensis,4.343411,3.481443,RW
Lycaon_pictus,Mystromys_albicaudatus,4.343411,1.93902,RW
Lycaon_pictus,Saccostomus_campestris,4.343411,1.70927,RW
Lycaon_pictus,Steatomys_krebsii,4.343411,1.31597,RW
Lycaon_pictus,Steatomys_pratensis,4.343411,1.681241,RW
Lycaon_pictus,Elephantulus_brachyrhynchus,4.343411,1.676694,RW
Lycaon_pictus,Elephantulus_myurus,4.343411,1.719331,RW
Lycaon_pictus,Graphiurus_platyops,4.343411,1.663701,RW
Lycaon_pictus,Cryptomys_hottentotus,4.343411,2.0086,RW
Lycaon_pictus,Atelerix_frontalis,4.343411,2.490661,RW
Lycaon_pictus,Hystrix_africaeaustralis,4.343411,4.174234,RW
Lycaon_pictus,Canis_mesomelas,4.343411,3.929419,RW
Lycaon_pictus,Otocyon_megalotis,4.343411,3.618048,RW
Lycaon_pictus,Vulpes_chama,4.343411,3.470557,RW
Lycaon_pictus,Caracal_caracal,4.343411,4.1383,RW
Lycaon_pictus,Felis_nigripes,4.343411,3.113943,RW
Lycaon_pictus,Felis_silvestris,4.343411,3.740363,RW
Lycaon_pictus,Leptailurus_serval,4.343411,4.079181,RW
Mastomys_coucha,Aethomys_namaquensis,1.491362,1.704151,RW
Mastomys_coucha,Desmodillus_auricularis,1.491362,1.726727,RW
Mastomys_coucha,Gerbilliscus_leucogaster,1.491362,1.862131,RW
Mastomys_coucha,Lemniscomys_rosalia,1.491362,1.733999,RW
Mastomys_coucha,Rhabdomys_pumilio,1.491362,1.613842,RW
Mastomys_coucha,Saccostomus_campestris,1.491362,1.70927,RW
Mastomys_coucha,Steatomys_krebsii,1.491362,1.31597,RW
Mastomys_coucha,Steatomys_pratensis,1.491362,1.681241,RW
Mastomys_coucha,Elephantulus_brachyrhynchus,1.491362,1.676694,RW
Mastomys_coucha,Elephantulus_myurus,1.491362,1.719331,RW
Mastomys_coucha,Graphiurus_microtis,1.491362,1.190332,RW
Mastomys_coucha,Graphiurus_platyops,1.491362,1.663701,RW
Mellivora_capensis,Paraxerus_cepapi,3.929419,2.255273,RW
Mellivora_capensis,Xerus_inauris,3.929419,2.723456,RW
Mellivora_capensis,Aethomys_ineptus,3.929419,1.874482,RW
Mellivora_capensis,Aethomys_namaquensis,3.929419,1.704151,RW
Mellivora_capensis,Dasymys_incomtus,3.929419,1.955207,RW
Mellivora_capensis,Desmodillus_auricularis,3.929419,1.726727,RW
Mellivora_capensis,Gerbilliscus_brantsii,3.929419,2.058426,RW
Mellivora_capensis,Gerbilliscus_leucogaster,3.929419,1.862131,RW
Mellivora_capensis,Lemniscomys_rosalia,3.929419,1.733999,RW
Mellivora_capensis,Mastomys_coucha,3.929419,1.491362,RW
Mellivora_capensis,Otomys_angoniensis,3.929419,2.086004,RW
Mellivora_capensis,Otomys_irroratus,3.929419,2.071882,RW
Mellivora_capensis,Rhabdomys_pumilio,3.929419,1.613842,RW
Mellivora_capensis,Thallomys_paedulcus,3.929419,1.905796,RW
Mellivora_capensis,Procavia_capensis,3.929419,3.481443,RW
Mellivora_capensis,Mystromys_albicaudatus,3.929419,1.93902,RW
Mellivora_capensis,Saccostomus_campestris,3.929419,1.70927,RW
Mellivora_capensis,Steatomys_krebsii,3.929419,1.31597,RW
Mellivora_capensis,Steatomys_pratensis,3.929419,1.681241,RW
Mellivora_capensis,Elephantulus_brachyrhynchus,3.929419,1.676694,RW
Mellivora_capensis,Elephantulus_myurus,3.929419,1.719331,RW
Mellivora_capensis,Graphiurus_platyops,3.929419,1.663701,RW
Mellivora_capensis,Cryptomys_hottentotus,3.929419,2.0086,RW
Mellivora_capensis,Lepus_capensis,3.929419,3.513444,RW
Mellivora_capensis,Lepus_saxatilis,3.929419,3.373519,RW
Mellivora_capensis,Lepus_victoriae,3.929419,3.243038,RW
Mellivora_capensis,Pronolagus_randensis,3.929419,3.368287,RW
Mellivora_capensis,Atelerix_frontalis,3.929419,2.490661,RW
Mellivora_capensis,Raphicerus_campestris,3.929419,4.021189,RW
Mungos_mungo,Aethomys_ineptus,3.284431,1.874482,RW
Mungos_mungo,Aethomys_namaquensis,3.284431,1.704151,RW
Mungos_mungo,Dasymys_incomtus,3.284431,1.955207,RW
Mungos_mungo,Desmodillus_auricularis,3.284431,1.726727,RW
Mungos_mungo,Gerbilliscus_brantsii,3.284431,2.058426,RW
Mungos_mungo,Gerbilliscus_leucogaster,3.284431,1.862131,RW
Mungos_mungo,Lemniscomys_rosalia,3.284431,1.733999,RW
Mungos_mungo,Mastomys_coucha,3.284431,1.491362,RW
Mungos_mungo,Otomys_angoniensis,3.284431,2.086004,RW
Mungos_mungo,Otomys_irroratus,3.284431,2.071882,RW
Mungos_mungo,Rhabdomys_pumilio,3.284431,1.613842,RW
Mungos_mungo,Thallomys_paedulcus,3.284431,1.905796,RW
Mungos_mungo,Procavia_capensis,3.284431,3.481443,RW
Mungos_mungo,Lepus_saxatilis,3.284431,3.373519,RW
Mungos_mungo,Lepus_victoriae,3.284431,3.243038,RW
Mungos_mungo,Pronolagus_randensis,3.284431,3.368287,RW
Mungos_mungo,Mystromys_albicaudatus,3.284431,1.93902,RW
Mungos_mungo,Saccostomus_campestris,3.284431,1.70927,RW
Mungos_mungo,Steatomys_krebsii,3.284431,1.31597,RW
Mungos_mungo,Steatomys_pratensis,3.284431,1.681241,RW
Mungos_mungo,Elephantulus_brachyrhynchus,3.284431,1.676694,RW
Mungos_mungo,Elephantulus_myurus,3.284431,1.719331,RW
Mungos_mungo,Graphiurus_platyops,3.284431,1.663701,RW
Mungos_mungo,Cryptomys_hottentotus,3.284431,2.0086,RW
Mungos_mungo,Paraxerus_cepapi,3.284431,2.255273,RW
Mungos_mungo,Xerus_inauris,3.284431,2.723456,RW
Mus_indutus,Graphiurus_microtis,0.792392,1.190332,RW
Otocyon_megalotis,Paraxerus_cepapi,3.618048,2.255273,RW
Otocyon_megalotis,Xerus_inauris,3.618048,2.723456,RW
Otocyon_megalotis,Chrysospalax_villosus,3.618048,2.078819,RW
Otocyon_megalotis,Aethomys_ineptus,3.618048,1.874482,RW
Otocyon_megalotis,Aethomys_namaquensis,3.618048,1.704151,RW
Otocyon_megalotis,Dasymys_incomtus,3.618048,1.955207,RW
Otocyon_megalotis,Desmodillus_auricularis,3.618048,1.726727,RW
Otocyon_megalotis,Gerbilliscus_brantsii,3.618048,2.058426,RW
Otocyon_megalotis,Gerbilliscus_leucogaster,3.618048,1.862131,RW
Otocyon_megalotis,Lemniscomys_rosalia,3.618048,1.733999,RW
Otocyon_megalotis,Mastomys_coucha,3.618048,1.491362,RW
Otocyon_megalotis,Otomys_angoniensis,3.618048,2.086004,RW
Otocyon_megalotis,Otomys_irroratus,3.618048,2.071882,RW
Otocyon_megalotis,Rhabdomys_pumilio,3.618048,1.613842,RW
Otocyon_megalotis,Thallomys_paedulcus,3.618048,1.905796,RW
Otocyon_megalotis,Lepus_capensis,3.618048,3.513444,RW
Otocyon_megalotis,Lepus_saxatilis,3.618048,3.373519,RW
Otocyon_megalotis,Lepus_victoriae,3.618048,3.243038,RW
Otocyon_megalotis,Pronolagus_randensis,3.618048,3.368287,RW
Otocyon_megalotis,Procavia_capensis,3.618048,3.481443,RW
Otocyon_megalotis,Mystromys_albicaudatus,3.618048,1.93902,RW
Otocyon_megalotis,Saccostomus_campestris,3.618048,1.70927,RW
Otocyon_megalotis,Steatomys_krebsii,3.618048,1.31597,RW
Otocyon_megalotis,Steatomys_pratensis,3.618048,1.681241,RW
Otocyon_megalotis,Elephantulus_brachyrhynchus,3.618048,1.676694,RW
Otocyon_megalotis,Elephantulus_myurus,3.618048,1.719331,RW
Otocyon_megalotis,Graphiurus_platyops,3.618048,1.663701,RW
Otocyon_megalotis,Cryptomys_hottentotus,3.618048,2.0086,RW
Otocyon_megalotis,Atelerix_frontalis,3.618048,2.490661,RW
Otocyon_megalotis,Vulpes_chama,3.618048,3.470557,RW
Otocyon_megalotis,Felis_nigripes,3.618048,3.113943,RW
Otocyon_megalotis,Felis_silvestris,3.618048,3.740363,RW
Otomys_angoniensis,Aethomys_ineptus,2.086004,1.874482,RW
Otomys_angoniensis,Aethomys_namaquensis,2.086004,1.704151,RW
Otomys_angoniensis,Dasymys_incomtus,2.086004,1.955207,RW
Otomys_angoniensis,Desmodillus_auricularis,2.086004,1.726727,RW
Otomys_angoniensis,Gerbilliscus_brantsii,2.086004,2.058426,RW
Otomys_angoniensis,Gerbilliscus_leucogaster,2.086004,1.862131,RW
Otomys_angoniensis,Lemniscomys_rosalia,2.086004,1.733999,RW
Otomys_angoniensis,Mastomys_coucha,2.086004,1.491362,RW
Otomys_angoniensis,Otomys_irroratus,2.086004,2.071882,RW
Otomys_angoniensis,Rhabdomys_pumilio,2.086004,1.613842,RW
Otomys_angoniensis,Thallomys_paedulcus,2.086004,1.905796,RW
Otomys_angoniensis,Mystromys_albicaudatus,2.086004,1.93902,RW
Otomys_angoniensis,Saccostomus_campestris,2.086004,1.70927,RW
Otomys_angoniensis,Steatomys_krebsii,2.086004,1.31597,RW
Otomys_angoniensis,Steatomys_pratensis,2.086004,1.681241,RW
Otomys_angoniensis,Elephantulus_brachyrhynchus,2.086004,1.676694,RW
Otomys_angoniensis,Elephantulus_myurus,2.086004,1.719331,RW
Otomys_angoniensis,Graphiurus_microtis,2.086004,1.190332,RW
Otomys_angoniensis,Graphiurus_platyops,2.086004,1.663701,RW
Otomys_angoniensis,Cryptomys_hottentotus,2.086004,2.0086,RW
Otomys_irroratus,Aethomys_ineptus,2.071882,1.874482,RW
Otomys_irroratus,Aethomys_namaquensis,2.071882,1.704151,RW
Otomys_irroratus,Dasymys_incomtus,2.071882,1.955207,RW
Otomys_irroratus,Desmodillus_auricularis,2.071882,1.726727,RW
Otomys_irroratus,Gerbilliscus_brantsii,2.071882,2.058426,RW
Otomys_irroratus,Gerbilliscus_leucogaster,2.071882,1.862131,RW
Otomys_irroratus,Lemniscomys_rosalia,2.071882,1.733999,RW
Otomys_irroratus,Mastomys_coucha,2.071882,1.491362,RW
Otomys_irroratus,Otomys_angoniensis,2.071882,2.086004,RW
Otomys_irroratus,Rhabdomys_pumilio,2.071882,1.613842,RW
Otomys_irroratus,Thallomys_paedulcus,2.071882,1.905796,RW
Otomys_irroratus,Mystromys_albicaudatus,2.071882,1.93902,RW
Otomys_irroratus,Saccostomus_campestris,2.071882,1.70927,RW
Otomys_irroratus,Steatomys_krebsii,2.071882,1.31597,RW
Otomys_irroratus,Steatomys_pratensis,2.071882,1.681241,RW
Otomys_irroratus,Elephantulus_brachyrhynchus,2.071882,1.676694,RW
Otomys_irroratus,Elephantulus_myurus,2.071882,1.719331,RW
Otomys_irroratus,Graphiurus_microtis,2.071882,1.190332,RW
Otomys_irroratus,Graphiurus_platyops,2.071882,1.663701,RW
Otomys_irroratus,Cryptomys_hottentotus,2.071882,2.0086,RW
Panthera_leo,Aepyceros_melampus,5.20817,4.72016,RW
Panthera_leo,Antidorcas_marsupialis,5.20817,4.498311,RW
Panthera_leo,Damaliscus_lunatus,5.20817,5.13354,RW
Panthera_leo,Damaliscus_pygargus,5.20817,5.0086,RW
Panthera_leo,Oreotragus_oreotragus,5.20817,4.11394,RW
Panthera_leo,Oryx_gazella,5.20817,5.22789,RW
Panthera_leo,Ourebia_ourebi,5.20817,4.236789,RW
Panthera_leo,Pelea_capreolus,5.20817,4.30103,RW
Panthera_leo,Raphicerus_campestris,5.20817,4.021189,RW
Panthera_leo,Redunca_arundinum,5.20817,4.76343,RW
Panthera_leo,Redunca_fulvorufula,5.20817,4.469821,RW
Panthera_leo,Sylvicapra_grimmia,5.20817,4.29003,RW
Panthera_leo,Tragelaphus_scriptus,5.20817,4.63599,RW
Panthera_leo,Phacochoerus_africanus,5.20817,4.916454,RW
Panthera_leo,Pedetes_capensis,5.20817,3.498999,RW
Panthera_leo,Procavia_capensis,5.20817,3.481443,RW
Panthera_leo,Aethomys_ineptus,5.20817,1.874482,RW
Panthera_leo,Aethomys_namaquensis,5.20817,1.704151,RW
Panthera_leo,Dasymys_incomtus,5.20817,1.955207,RW
Panthera_leo,Desmodillus_auricularis,5.20817,1.726727,RW
Panthera_leo,Gerbilliscus_brantsii,5.20817,2.058426,RW
Panthera_leo,Gerbilliscus_leucogaster,5.20817,1.862131,RW
Panthera_leo,Lemniscomys_rosalia,5.20817,1.733999,RW
Panthera_leo,Mastomys_coucha,5.20817,1.491362,RW
Panthera_leo,Otomys_angoniensis,5.20817,2.086004,RW
Panthera_leo,Otomys_irroratus,5.20817,2.071882,RW
Panthera_leo,Rhabdomys_pumilio,5.20817,1.613842,RW
Panthera_leo,Thallomys_paedulcus,5.20817,1.905796,RW
Panthera_leo,Lepus_capensis,5.20817,3.513444,RW
Panthera_leo,Lepus_saxatilis,5.20817,3.373519,RW
Panthera_leo,Lepus_victoriae,5.20817,3.243038,RW
Panthera_leo,Pronolagus_randensis,5.20817,3.368287,RW
Panthera_leo,Crocuta_crocuta,5.20817,4.79934,RW
Panthera_leo,Parahyaena_brunnea,5.20817,4.50786,RW
Panthera_leo,Proteles_cristata,5.20817,4,RW
Panthera_leo,Acinonyx_jubatus,5.20817,4.669317,RW
Panthera_leo,Caracal_caracal,5.20817,4.1383,RW
Panthera_leo,Felis_nigripes,5.20817,3.113943,RW
Panthera_leo,Felis_silvestris,5.20817,3.740363,RW
Panthera_leo,Leptailurus_serval,5.20817,4.079181,RW
Panthera_leo,Panthera_pardus,5.20817,4.74036,RW
Panthera_leo,Canis_mesomelas,5.20817,3.929419,RW
Panthera_leo,Lycaon_pictus,5.20817,4.343411,RW
Panthera_leo,Otocyon_megalotis,5.20817,3.618048,RW
Panthera_leo,Vulpes_chama,5.20817,3.470557,RW
Panthera_leo,Chlorocebus_pygerythrus,5.20817,3.599337,RW
Panthera_leo,Papio_ursinus,5.20817,4.446212,RW
Panthera_leo,Mystromys_albicaudatus,5.20817,1.93902,RW
Panthera_leo,Saccostomus_campestris,5.20817,1.70927,RW
Panthera_leo,Steatomys_pratensis,5.20817,1.681241,RW
Panthera_leo,Elephantulus_brachyrhynchus,5.20817,1.676694,RW
Panthera_leo,Elephantulus_myurus,5.20817,1.719331,RW
Panthera_leo,Graphiurus_platyops,5.20817,1.663701,RW
Panthera_leo,Cryptomys_hottentotus,5.20817,2.0086,RW
Panthera_leo,Hystrix_africaeaustralis,5.20817,4.174234,RW
Panthera_leo,Orycteropus_afer,5.20817,4.71892,RW
Panthera_leo,Galago_moholi,5.20817,2.20412,RW
Panthera_leo,Paraxerus_cepapi,5.20817,2.255273,RW
Panthera_leo,Xerus_inauris,5.20817,2.723456,RW
Panthera_leo,Chrysospalax_villosus,5.20817,2.078819,RW
Panthera_leo,Aonyx_capensis,5.20817,4.278749,RW
Panthera_leo,Hydrictis_maculicollis,5.20817,3.60206,RW
Panthera_leo,Ictonyx_striatus,5.20817,3.113943,RW
Panthera_leo,Mellivora_capensis,5.20817,3.929419,RW
Panthera_leo,Poecilogale_albinucha,5.20817,2.531479,RW
Panthera_pardus,Aepyceros_melampus,4.74036,4.72016,RW
Panthera_pardus,Antidorcas_marsupialis,4.74036,4.498311,RW
Panthera_pardus,Oreotragus_oreotragus,4.74036,4.11394,RW
Panthera_pardus,Ourebia_ourebi,4.74036,4.236789,RW
Panthera_pardus,Pelea_capreolus,4.74036,4.30103,RW
Panthera_pardus,Raphicerus_campestris,4.74036,4.021189,RW
Panthera_pardus,Redunca_arundinum,4.74036,4.76343,RW
Panthera_pardus,Redunca_fulvorufula,4.74036,4.469821,RW
Panthera_pardus,Sylvicapra_grimmia,4.74036,4.29003,RW
Panthera_pardus,Tragelaphus_scriptus,4.74036,4.63599,RW
Panthera_pardus,Pedetes_capensis,4.74036,3.498999,RW
Panthera_pardus,Procavia_capensis,4.74036,3.481443,RW
Panthera_pardus,Aethomys_ineptus,4.74036,1.874482,RW
Panthera_pardus,Aethomys_namaquensis,4.74036,1.704151,RW
Panthera_pardus,Dasymys_incomtus,4.74036,1.955207,RW
Panthera_pardus,Desmodillus_auricularis,4.74036,1.726727,RW
Panthera_pardus,Gerbilliscus_brantsii,4.74036,2.058426,RW
Panthera_pardus,Gerbilliscus_leucogaster,4.74036,1.862131,RW
Panthera_pardus,Lemniscomys_rosalia,4.74036,1.733999,RW
Panthera_pardus,Mastomys_coucha,4.74036,1.491362,RW
Panthera_pardus,Otomys_angoniensis,4.74036,2.086004,RW
Panthera_pardus,Otomys_irroratus,4.74036,2.071882,RW
Panthera_pardus,Rhabdomys_pumilio,4.74036,1.613842,RW
Panthera_pardus,Thallomys_paedulcus,4.74036,1.905796,RW
Panthera_pardus,Lepus_capensis,4.74036,3.513444,RW
Panthera_pardus,Lepus_saxatilis,4.74036,3.373519,RW
Panthera_pardus,Lepus_victoriae,4.74036,3.243038,RW
Panthera_pardus,Pronolagus_randensis,4.74036,3.368287,RW
Panthera_pardus,Crocuta_crocuta,4.74036,4.79934,RW
Panthera_pardus,Parahyaena_brunnea,4.74036,4.50786,RW
Panthera_pardus,Proteles_cristata,4.74036,4,RW
Panthera_pardus,Acinonyx_jubatus,4.74036,4.669317,RW
Panthera_pardus,Caracal_caracal,4.74036,4.1383,RW
Panthera_pardus,Felis_nigripes,4.74036,3.113943,RW
Panthera_pardus,Felis_silvestris,4.74036,3.740363,RW
Panthera_pardus,Leptailurus_serval,4.74036,4.079181,RW
Panthera_pardus,Canis_mesomelas,4.74036,3.929419,RW
Panthera_pardus,Lycaon_pictus,4.74036,4.343411,RW
Panthera_pardus,Otocyon_megalotis,4.74036,3.618048,RW
Panthera_pardus,Vulpes_chama,4.74036,3.470557,RW
Panthera_pardus,Chlorocebus_pygerythrus,4.74036,3.599337,RW
Panthera_pardus,Papio_ursinus,4.74036,4.446212,RW
Panthera_pardus,Mystromys_albicaudatus,4.74036,1.93902,RW
Panthera_pardus,Saccostomus_campestris,4.74036,1.70927,RW
Panthera_pardus,Steatomys_pratensis,4.74036,1.681241,RW
Panthera_pardus,Elephantulus_brachyrhynchus,4.74036,1.676694,RW
Panthera_pardus,Elephantulus_myurus,4.74036,1.719331,RW
Panthera_pardus,Graphiurus_platyops,4.74036,1.663701,RW
Panthera_pardus,Cryptomys_hottentotus,4.74036,2.0086,RW
Panthera_pardus,Hystrix_africaeaustralis,4.74036,4.174234,RW
Panthera_pardus,Orycteropus_afer,4.74036,4.71892,RW
Panthera_pardus,Galago_moholi,4.74036,2.20412,RW
Panthera_pardus,Paraxerus_cepapi,4.74036,2.255273,RW
Panthera_pardus,Xerus_inauris,4.74036,2.723456,RW
Panthera_pardus,Chrysospalax_villosus,4.74036,2.078819,RW
Panthera_pardus,Aonyx_capensis,4.74036,4.278749,RW
Panthera_pardus,Hydrictis_maculicollis,4.74036,3.60206,RW
Panthera_pardus,Ictonyx_striatus,4.74036,3.113943,RW
Panthera_pardus,Mellivora_capensis,4.74036,3.929419,RW
Panthera_pardus,Poecilogale_albinucha,4.74036,2.531479,RW
Papio_ursinus,Antidorcas_marsupialis,4.446212,4.498311,RW
Papio_ursinus,Oreotragus_oreotragus,4.446212,4.11394,RW
Papio_ursinus,Ourebia_ourebi,4.446212,4.236789,RW
Papio_ursinus,Pelea_capreolus,4.446212,4.30103,RW
Papio_ursinus,Raphicerus_campestris,4.446212,4.021189,RW
Papio_ursinus,Redunca_fulvorufula,4.446212,4.469821,RW
Papio_ursinus,Sylvicapra_grimmia,4.446212,4.29003,RW
Papio_ursinus,Aethomys_ineptus,4.446212,1.874482,RW
Papio_ursinus,Aethomys_namaquensis,4.446212,1.704151,RW
Papio_ursinus,Dasymys_incomtus,4.446212,1.955207,RW
Papio_ursinus,Desmodillus_auricularis,4.446212,1.726727,RW
Papio_ursinus,Gerbilliscus_brantsii,4.446212,2.058426,RW
Papio_ursinus,Gerbilliscus_leucogaster,4.446212,1.862131,RW
Papio_ursinus,Lemniscomys_rosalia,4.446212,1.733999,RW
Papio_ursinus,Mastomys_coucha,4.446212,1.491362,RW
Papio_ursinus,Otomys_angoniensis,4.446212,2.086004,RW
Papio_ursinus,Otomys_irroratus,4.446212,2.071882,RW
Papio_ursinus,Rhabdomys_pumilio,4.446212,1.613842,RW
Papio_ursinus,Thallomys_paedulcus,4.446212,1.905796,RW
Papio_ursinus,Lepus_capensis,4.446212,3.513444,RW
Papio_ursinus,Lepus_saxatilis,4.446212,3.373519,RW
Papio_ursinus,Lepus_victoriae,4.446212,3.243038,RW
Papio_ursinus,Pronolagus_randensis,4.446212,3.368287,RW
Papio_ursinus,Procavia_capensis,4.446212,3.481443,RW
Papio_ursinus,Mystromys_albicaudatus,4.446212,1.93902,RW
Papio_ursinus,Saccostomus_campestris,4.446212,1.70927,RW
Papio_ursinus,Steatomys_krebsii,4.446212,1.31597,RW
Papio_ursinus,Steatomys_pratensis,4.446212,1.681241,RW
Papio_ursinus,Elephantulus_brachyrhynchus,4.446212,1.676694,RW
Papio_ursinus,Elephantulus_myurus,4.446212,1.719331,RW
Papio_ursinus,Graphiurus_platyops,4.446212,1.663701,RW
Papio_ursinus,Cryptomys_hottentotus,4.446212,2.0086,RW
Parahyaena_brunnea,Antidorcas_marsupialis,4.50786,4.498311,RW
Parahyaena_brunnea,Oreotragus_oreotragus,4.50786,4.11394,RW
Parahyaena_brunnea,Ourebia_ourebi,4.50786,4.236789,RW
Parahyaena_brunnea,Pelea_capreolus,4.50786,4.30103,RW
Parahyaena_brunnea,Raphicerus_campestris,4.50786,4.021189,RW
Parahyaena_brunnea,Redunca_fulvorufula,4.50786,4.469821,RW
Parahyaena_brunnea,Sylvicapra_grimmia,4.50786,4.29003,RW
Parahyaena_brunnea,Aethomys_ineptus,4.50786,1.874482,RW
Parahyaena_brunnea,Aethomys_namaquensis,4.50786,1.704151,RW
Parahyaena_brunnea,Dasymys_incomtus,4.50786,1.955207,RW
Parahyaena_brunnea,Desmodillus_auricularis,4.50786,1.726727,RW
Parahyaena_brunnea,Gerbilliscus_brantsii,4.50786,2.058426,RW
Parahyaena_brunnea,Gerbilliscus_leucogaster,4.50786,1.862131,RW
Parahyaena_brunnea,Lemniscomys_rosalia,4.50786,1.733999,RW
Parahyaena_brunnea,Mastomys_coucha,4.50786,1.491362,RW
Parahyaena_brunnea,Otomys_angoniensis,4.50786,2.086004,RW
Parahyaena_brunnea,Otomys_irroratus,4.50786,2.071882,RW
Parahyaena_brunnea,Rhabdomys_pumilio,4.50786,1.613842,RW
Parahyaena_brunnea,Thallomys_paedulcus,4.50786,1.905796,RW
Parahyaena_brunnea,Procavia_capensis,4.50786,3.481443,RW
Parahyaena_brunnea,Lepus_capensis,4.50786,3.513444,RW
Parahyaena_brunnea,Lepus_saxatilis,4.50786,3.373519,RW
Parahyaena_brunnea,Lepus_victoriae,4.50786,3.243038,RW
Parahyaena_brunnea,Pronolagus_randensis,4.50786,3.368287,RW
Parahyaena_brunnea,Chlorocebus_pygerythrus,4.50786,3.599337,RW
Parahyaena_brunnea,Papio_ursinus,4.50786,4.446212,RW
Parahyaena_brunnea,Hystrix_africaeaustralis,4.50786,4.174234,RW
Parahyaena_brunnea,Mystromys_albicaudatus,4.50786,1.93902,RW
Parahyaena_brunnea,Saccostomus_campestris,4.50786,1.70927,RW
Parahyaena_brunnea,Steatomys_krebsii,4.50786,1.31597,RW
Parahyaena_brunnea,Steatomys_pratensis,4.50786,1.681241,RW
Parahyaena_brunnea,Elephantulus_brachyrhynchus,4.50786,1.676694,RW
Parahyaena_brunnea,Elephantulus_myurus,4.50786,1.719331,RW
Parahyaena_brunnea,Graphiurus_platyops,4.50786,1.663701,RW
Parahyaena_brunnea,Cryptomys_hottentotus,4.50786,2.0086,RW
Parahyaena_brunnea,Galago_moholi,4.50786,2.20412,RW
Parahyaena_brunnea,Atelerix_frontalis,4.50786,2.490661,RW
Phacochoerus_africanus,Aethomys_ineptus,4.916454,1.874482,RW
Phacochoerus_africanus,Aethomys_namaquensis,4.916454,1.704151,RW
Phacochoerus_africanus,Dasymys_incomtus,4.916454,1.955207,RW
Phacochoerus_africanus,Desmodillus_auricularis,4.916454,1.726727,RW
Phacochoerus_africanus,Gerbilliscus_brantsii,4.916454,2.058426,RW
Phacochoerus_africanus,Gerbilliscus_leucogaster,4.916454,1.862131,RW
Phacochoerus_africanus,Lemniscomys_rosalia,4.916454,1.733999,RW
Phacochoerus_africanus,Mastomys_coucha,4.916454,1.491362,RW
Phacochoerus_africanus,Otomys_angoniensis,4.916454,2.086004,RW
Phacochoerus_africanus,Otomys_irroratus,4.916454,2.071882,RW
Phacochoerus_africanus,Rhabdomys_pumilio,4.916454,1.613842,RW
Phacochoerus_africanus,Thallomys_paedulcus,4.916454,1.905796,RW
Phacochoerus_africanus,Procavia_capensis,4.916454,3.481443,RW
Phacochoerus_africanus,Mystromys_albicaudatus,4.916454,1.93902,RW
Phacochoerus_africanus,Saccostomus_campestris,4.916454,1.70927,RW
Phacochoerus_africanus,Steatomys_pratensis,4.916454,1.681241,RW
Phacochoerus_africanus,Elephantulus_brachyrhynchus,4.916454,1.676694,RW
Phacochoerus_africanus,Elephantulus_myurus,4.916454,1.719331,RW
Phacochoerus_africanus,Graphiurus_platyops,4.916454,1.663701,RW
Phacochoerus_africanus,Cryptomys_hottentotus,4.916454,2.0086,RW
Phacochoerus_africanus,Lepus_capensis,4.916454,3.513444,RW
Phacochoerus_africanus,Lepus_saxatilis,4.916454,3.373519,RW
Phacochoerus_africanus,Lepus_victoriae,4.916454,3.243038,RW
Phacochoerus_africanus,Pronolagus_randensis,4.916454,3.368287,RW
Poecilogale_albinucha,Paraxerus_cepapi,2.531479,2.255273,RW
Poecilogale_albinucha,Xerus_inauris,2.531479,2.723456,RW
Poecilogale_albinucha,Aethomys_ineptus,2.531479,1.874482,RW
Poecilogale_albinucha,Aethomys_namaquensis,2.531479,1.704151,RW
Poecilogale_albinucha,Dasymys_incomtus,2.531479,1.955207,RW
Poecilogale_albinucha,Desmodillus_auricularis,2.531479,1.726727,RW
Poecilogale_albinucha,Gerbilliscus_brantsii,2.531479,2.058426,RW
Poecilogale_albinucha,Gerbilliscus_leucogaster,2.531479,1.862131,RW
Poecilogale_albinucha,Lemniscomys_rosalia,2.531479,1.733999,RW
Poecilogale_albinucha,Mastomys_coucha,2.531479,1.491362,RW
Poecilogale_albinucha,Otomys_angoniensis,2.531479,2.086004,RW
Poecilogale_albinucha,Otomys_irroratus,2.531479,2.071882,RW
Poecilogale_albinucha,Rhabdomys_pumilio,2.531479,1.613842,RW
Poecilogale_albinucha,Thallomys_paedulcus,2.531479,1.905796,RW
Poecilogale_albinucha,Mystromys_albicaudatus,2.531479,1.93902,RW
Poecilogale_albinucha,Saccostomus_campestris,2.531479,1.70927,RW
Poecilogale_albinucha,Steatomys_krebsii,2.531479,1.31597,RW
Poecilogale_albinucha,Steatomys_pratensis,2.531479,1.681241,RW
Poecilogale_albinucha,Elephantulus_brachyrhynchus,2.531479,1.676694,RW
Poecilogale_albinucha,Elephantulus_myurus,2.531479,1.719331,RW
Poecilogale_albinucha,Graphiurus_microtis,2.531479,1.190332,RW
Poecilogale_albinucha,Graphiurus_platyops,2.531479,1.663701,RW
Poecilogale_albinucha,Cryptomys_hottentotus,2.531479,2.0086,RW
Poecilogale_albinucha,Atelerix_frontalis,2.531479,2.490661,RW
Proteles_cristata,Oreotragus_oreotragus,4,4.11394,RW
Proteles_cristata,Raphicerus_campestris,4,4.021189,RW
Proteles_cristata,Aethomys_ineptus,4,1.874482,RW
Proteles_cristata,Aethomys_namaquensis,4,1.704151,RW
Proteles_cristata,Dasymys_incomtus,4,1.955207,RW
Proteles_cristata,Desmodillus_auricularis,4,1.726727,RW
Proteles_cristata,Gerbilliscus_brantsii,4,2.058426,RW
Proteles_cristata,Gerbilliscus_leucogaster,4,1.862131,RW
Proteles_cristata,Lemniscomys_rosalia,4,1.733999,RW
Proteles_cristata,Mastomys_coucha,4,1.491362,RW
Proteles_cristata,Otomys_angoniensis,4,2.086004,RW
Proteles_cristata,Otomys_irroratus,4,2.071882,RW
Proteles_cristata,Rhabdomys_pumilio,4,1.613842,RW
Proteles_cristata,Thallomys_paedulcus,4,1.905796,RW
Proteles_cristata,Procavia_capensis,4,3.481443,RW
Proteles_cristata,Lepus_capensis,4,3.513444,RW
Proteles_cristata,Lepus_saxatilis,4,3.373519,RW
Proteles_cristata,Lepus_victoriae,4,3.243038,RW
Proteles_cristata,Pronolagus_randensis,4,3.368287,RW
Proteles_cristata,Chlorocebus_pygerythrus,4,3.599337,RW
Proteles_cristata,Mystromys_albicaudatus,4,1.93902,RW
Proteles_cristata,Saccostomus_campestris,4,1.70927,RW
Proteles_cristata,Steatomys_krebsii,4,1.31597,RW
Proteles_cristata,Steatomys_pratensis,4,1.681241,RW
Proteles_cristata,Elephantulus_brachyrhynchus,4,1.676694,RW
Proteles_cristata,Elephantulus_myurus,4,1.719331,RW
Proteles_cristata,Graphiurus_platyops,4,1.663701,RW
Proteles_cristata,Cryptomys_hottentotus,4,2.0086,RW
Proteles_cristata,Galago_moholi,4,2.20412,RW
Proteles_cristata,Atelerix_frontalis,4,2.490661,RW
Rhabdomys_pumilio,Aethomys_ineptus,1.613842,1.874482,RW
Rhabdomys_pumilio,Aethomys_namaquensis,1.613842,1.704151,RW
Rhabdomys_pumilio,Dasymys_incomtus,1.613842,1.955207,RW
Rhabdomys_pumilio,Desmodillus_auricularis,1.613842,1.726727,RW
Rhabdomys_pumilio,Gerbilliscus_leucogaster,1.613842,1.862131,RW
Rhabdomys_pumilio,Lemniscomys_rosalia,1.613842,1.733999,RW
Rhabdomys_pumilio,Mastomys_coucha,1.613842,1.491362,RW
Rhabdomys_pumilio,Thallomys_paedulcus,1.613842,1.905796,RW
Rhabdomys_pumilio,Mystromys_albicaudatus,1.613842,1.93902,RW
Rhabdomys_pumilio,Saccostomus_campestris,1.613842,1.70927,RW
Rhabdomys_pumilio,Steatomys_krebsii,1.613842,1.31597,RW
Rhabdomys_pumilio,Steatomys_pratensis,1.613842,1.681241,RW
Rhabdomys_pumilio,Elephantulus_brachyrhynchus,1.613842,1.676694,RW
Rhabdomys_pumilio,Elephantulus_myurus,1.613842,1.719331,RW
Rhabdomys_pumilio,Graphiurus_microtis,1.613842,1.190332,RW
Rhabdomys_pumilio,Graphiurus_platyops,1.613842,1.663701,RW
Suricata_suricatta,Aethomys_ineptus,2.860637,1.874482,RW
Suricata_suricatta,Aethomys_namaquensis,2.860637,1.704151,RW
Suricata_suricatta,Dasymys_incomtus,2.860637,1.955207,RW
Suricata_suricatta,Desmodillus_auricularis,2.860637,1.726727,RW
Suricata_suricatta,Gerbilliscus_brantsii,2.860637,2.058426,RW
Suricata_suricatta,Gerbilliscus_leucogaster,2.860637,1.862131,RW
Suricata_suricatta,Lemniscomys_rosalia,2.860637,1.733999,RW
Suricata_suricatta,Mastomys_coucha,2.860637,1.491362,RW
Suricata_suricatta,Otomys_angoniensis,2.860637,2.086004,RW
Suricata_suricatta,Otomys_irroratus,2.860637,2.071882,RW
Suricata_suricatta,Rhabdomys_pumilio,2.860637,1.613842,RW
Suricata_suricatta,Thallomys_paedulcus,2.860637,1.905796,RW
Suricata_suricatta,Mystromys_albicaudatus,2.860637,1.93902,RW
Suricata_suricatta,Saccostomus_campestris,2.860637,1.70927,RW
Suricata_suricatta,Steatomys_krebsii,2.860637,1.31597,RW
Suricata_suricatta,Steatomys_pratensis,2.860637,1.681241,RW
Suricata_suricatta,Elephantulus_brachyrhynchus,2.860637,1.676694,RW
Suricata_suricatta,Elephantulus_myurus,2.860637,1.719331,RW
Suricata_suricatta,Graphiurus_microtis,2.860637,1.190332,RW
Suricata_suricatta,Graphiurus_platyops,2.860637,1.663701,RW
Suricata_suricatta,Cryptomys_hottentotus,2.860637,2.0086,RW
Suricata_suricatta,Paraxerus_cepapi,2.860637,2.255273,RW
Suricata_suricatta,Xerus_inauris,2.860637,2.723456,RW
Thallomys_paedulcus,Aethomys_ineptus,1.905796,1.874482,RW
Thallomys_paedulcus,Aethomys_namaquensis,1.905796,1.704151,RW
Thallomys_paedulcus,Dasymys_incomtus,1.905796,1.955207,RW
Thallomys_paedulcus,Desmodillus_auricularis,1.905796,1.726727,RW
Thallomys_paedulcus,Gerbilliscus_brantsii,1.905796,2.058426,RW
Thallomys_paedulcus,Gerbilliscus_leucogaster,1.905796,1.862131,RW
Thallomys_paedulcus,Lemniscomys_rosalia,1.905796,1.733999,RW
Thallomys_paedulcus,Mastomys_coucha,1.905796,1.491362,RW
Thallomys_paedulcus,Otomys_angoniensis,1.905796,2.086004,RW
Thallomys_paedulcus,Otomys_irroratus,1.905796,2.071882,RW
Thallomys_paedulcus,Rhabdomys_pumilio,1.905796,1.613842,RW
Thallomys_paedulcus,Mystromys_albicaudatus,1.905796,1.93902,RW
Thallomys_paedulcus,Saccostomus_campestris,1.905796,1.70927,RW
Thallomys_paedulcus,Steatomys_krebsii,1.905796,1.31597,RW
Thallomys_paedulcus,Steatomys_pratensis,1.905796,1.681241,RW
Thallomys_paedulcus,Elephantulus_brachyrhynchus,1.905796,1.676694,RW
Thallomys_paedulcus,Elephantulus_myurus,1.905796,1.719331,RW
Thallomys_paedulcus,Graphiurus_microtis,1.905796,1.190332,RW
Thallomys_paedulcus,Graphiurus_platyops,1.905796,1.663701,RW
Thallomys_paedulcus,Cryptomys_hottentotus,1.905796,2.0086,RW
Vulpes_chama,Paraxerus_cepapi,3.470557,2.255273,RW
Vulpes_chama,Xerus_inauris,3.470557,2.723456,RW
Vulpes_chama,Chrysospalax_villosus,3.470557,2.078819,RW
Vulpes_chama,Aethomys_ineptus,3.470557,1.874482,RW
Vulpes_chama,Aethomys_namaquensis,3.470557,1.704151,RW
Vulpes_chama,Dasymys_incomtus,3.470557,1.955207,RW
Vulpes_chama,Desmodillus_auricularis,3.470557,1.726727,RW
Vulpes_chama,Gerbilliscus_brantsii,3.470557,2.058426,RW
Vulpes_chama,Gerbilliscus_leucogaster,3.470557,1.862131,RW
Vulpes_chama,Lemniscomys_rosalia,3.470557,1.733999,RW
Vulpes_chama,Mastomys_coucha,3.470557,1.491362,RW
Vulpes_chama,Otomys_angoniensis,3.470557,2.086004,RW
Vulpes_chama,Otomys_irroratus,3.470557,2.071882,RW
Vulpes_chama,Rhabdomys_pumilio,3.470557,1.613842,RW
Vulpes_chama,Thallomys_paedulcus,3.470557,1.905796,RW
Vulpes_chama,Lepus_capensis,3.470557,3.513444,RW
Vulpes_chama,Lepus_saxatilis,3.470557,3.373519,RW
Vulpes_chama,Lepus_victoriae,3.470557,3.243038,RW
Vulpes_chama,Pronolagus_randensis,3.470557,3.368287,RW
Vulpes_chama,Procavia_capensis,3.470557,3.481443,RW
Vulpes_chama,Mystromys_albicaudatus,3.470557,1.93902,RW
Vulpes_chama,Saccostomus_campestris,3.470557,1.70927,RW
Vulpes_chama,Steatomys_krebsii,3.470557,1.31597,RW
Vulpes_chama,Steatomys_pratensis,3.470557,1.681241,RW
Vulpes_chama,Elephantulus_brachyrhynchus,3.470557,1.676694,RW
Vulpes_chama,Elephantulus_myurus,3.470557,1.719331,RW
Vulpes_chama,Graphiurus_platyops,3.470557,1.663701,RW
Vulpes_chama,Cryptomys_hottentotus,3.470557,2.0086,RW
Vulpes_chama,Atelerix_frontalis,3.470557,2.490661,RW
Vulpes_chama,Otocyon_megalotis,3.470557,3.618048,RW
Vulpes_chama,Felis_nigripes,3.470557,3.113943,RW
